timestamp,exchange,symbol,last_price,mark_price,index_price,funding_rate,funding_interval_h,funding_rate_8h
2026-03-27T02:30:02+0000,gate,MIRA_USDT,0.07873,0.07877,0.07888,-0.000397,8.0,-0.00039700
2026-03-27T02:30:16+0000,phemex,MIRAUSDT,0.0788,0.0788,0.0788395,0.00005,4.0,0.00010000
2026-03-27T02:31:20+0000,gate,MIRA_USDT,0.07873,0.07878,0.07889,-0.000394,8.0,-0.00039400
2026-03-27T02:31:33+0000,phemex,MIRAUSDT,0.0788,0.0788,0.0788815,0.00005,4.0,0.00010000
2026-03-27T02:32:38+0000,gate,MIRA_USDT,0.07883,0.07886,0.07896,-0.000388,8.0,-0.00038800
2026-03-27T02:32:51+0000,phemex,MIRAUSDT,0.0788,0.0788,0.0789425,0.00005,4.0,0.00010000
2026-03-27T02:33:55+0000,gate,MIRA_USDT,0.0789,0.0789,0.07896,-0.000385,8.0,-0.00038500
2026-03-27T02:34:08+0000,phemex,MIRAUSDT,0.0788,0.0788,0.078945,0.00005,4.0,0.00010000
2026-03-27T02:36:25+0000,gate,MIRA_USDT,0.0789,0.0789,0.07893,-0.000371,8.0,-0.00037100
2026-03-27T02:36:38+0000,phemex,MIRAUSDT,0.0789,0.0789,0.0789235,0.00005,4.0,0.00010000
2026-03-27T02:46:27+0000,gate,MIRA_USDT,0.0789,0.07887,0.07889,-0.000353,8.0,-0.00035300
2026-03-27T02:46:41+0000,phemex,MIRAUSDT,0.0788,0.0788,0.07885632,0.00005,4.0,0.00010000
2026-03-27T02:48:57+0000,gate,MIRA_USDT,0.0789,0.0789,0.07892,-0.000346,8.0,-0.00034600
2026-03-27T02:49:10+0000,phemex,MIRAUSDT,0.0788,0.0788,0.07888474,0.00005,4.0,0.00010000
2026-03-27T02:50:14+0000,gate,MIRA_USDT,0.0789,0.07889,0.07891,-0.000339,8.0,-0.00033900
2026-03-27T02:50:27+0000,phemex,MIRAUSDT,0.0788,0.0788,0.07888211,0.00005,4.0,0.00010000
2026-03-27T02:59:08+0000,gate,MIRA_USDT,0.0789,0.0789,0.07893,-0.000299,8.0,-0.00029900
2026-03-27T02:59:19+0000,phemex,MIRAUSDT,0.0788,0.0788,0.07887789,0.00005,4.0,0.00010000
2026-03-27T03:00:23+0000,gate,MIRA_USDT,0.0789,0.07887,0.07889,-0.000296,8.0,-0.00029600
2026-03-27T03:00:36+0000,phemex,MIRAUSDT,0.0788,0.0788,0.07884615,0.00005,4.0,0.00010000
2026-03-27T03:09:25+0000,gate,MIRA_USDT,0.07841,0.07844,0.07864,-0.000329,8.0,-0.00032900
2026-03-27T03:09:38+0000,phemex,MIRAUSDT,0.0784,0.0784,0.07851105,0.00005,4.0,0.00010000
2026-03-27T03:40:14+0000,gate,MIRA_USDT,0.07843,0.07845,0.0786,-0.000437,8.0,-0.00043700
2026-03-27T03:40:27+0000,phemex,MIRAUSDT,0.0783,0.0783,0.07846263,0.00005,4.0,0.00010000
2026-03-27T03:41:31+0000,gate,MIRA_USDT,0.07843,0.07845,0.0786,-0.000438,8.0,-0.00043800
2026-03-27T03:41:44+0000,phemex,MIRAUSDT,0.0783,0.0783,0.07847,0.00005,4.0,0.00010000
2026-03-27T03:48:02+0000,gate,MIRA_USDT,0.07843,0.07843,0.07855,-0.000447,8.0,-0.00044700
2026-03-27T03:48:14+0000,phemex,MIRAUSDT,0.0784,0.0784,0.07841842,0.00005,4.0,0.00010000
2026-03-27T03:49:19+0000,gate,MIRA_USDT,0.07843,0.07843,0.07854,-0.000447,8.0,-0.00044700
2026-03-27T03:49:32+0000,phemex,MIRAUSDT,0.0784,0.0784,0.07842526,0.00005,4.0,0.00010000
2026-03-27T03:50:35+0000,gate,MIRA_USDT,0.07843,0.07844,0.07856,-0.000447,8.0,-0.00044700
2026-03-27T03:50:48+0000,phemex,MIRAUSDT,0.0784,0.0784,0.07840769,0.00005,4.0,0.00010000
2026-03-27T03:58:18+0000,gate,MIRA_USDT,0.07845,0.07845,0.07848,-0.000448,8.0,-0.00044800
2026-03-27T03:58:30+0000,phemex,MIRAUSDT,0.0783,0.0783,0.07831842,0.00005,4.0,0.00010000
2026-03-27T04:21:16+0000,gate,MIRA_USDT,0.07803,0.0781,0.07827,-0.000547,8.0,-0.00054700
2026-03-27T04:21:26+0000,phemex,MIRAUSDT,0.078,0.078,0.07808842,0.00005,4.0,0.00010000
2026-03-27T04:22:31+0000,gate,MIRA_USDT,0.07815,0.07822,0.07837,-0.000544,8.0,-0.00054400
2026-03-27T04:22:44+0000,phemex,MIRAUSDT,0.0782,0.0781,0.07819053,0.00005,4.0,0.00010000
2026-03-27T04:39:20+0000,gate,MIRA_USDT,0.07817,0.07819,0.07821,-0.000527,8.0,-0.00052700
2026-03-27T04:39:33+0000,phemex,MIRAUSDT,0.0782,0.0781,0.0781415,0.00005,4.0,0.00010000
2026-03-27T04:53:15+0000,gate,MIRA_USDT,0.07829,0.07825,0.07823,-0.000479,8.0,-0.00047900
2026-03-27T04:53:26+0000,phemex,MIRAUSDT,0.0782,0.0781,0.07818263,0.00005,4.0,0.00010000
2026-03-27T05:02:23+0000,gate,MIRA_USDT,0.07815,0.0782,0.07823,-0.00045,8.0,-0.00045000
2026-03-27T05:02:36+0000,phemex,MIRAUSDT,0.0782,0.0781,0.07817368,0.00005,4.0,0.00010000
2026-03-27T05:11:23+0000,gate,MIRA_USDT,0.0783,0.0783,0.07831,-0.000422,8.0,-0.00042200
2026-03-27T05:11:36+0000,phemex,MIRAUSDT,0.0783,0.0783,0.07829947,0.00005,4.0,0.00010000
2026-03-27T05:12:40+0000,gate,MIRA_USDT,0.0783,0.07831,0.07833,-0.000419,8.0,-0.00041900
2026-03-27T05:12:53+0000,phemex,MIRAUSDT,0.0783,0.0782,0.07829474,0.00005,4.0,0.00010000
2026-03-27T05:13:58+0000,gate,MIRA_USDT,0.0783,0.0783,0.07831,-0.000416,8.0,-0.00041600
2026-03-27T05:14:09+0000,phemex,MIRAUSDT,0.0783,0.0783,0.07831526,0.00005,4.0,0.00010000
2026-03-27T05:20:27+0000,gate,MIRA_USDT,0.07849,0.07849,0.07851,-0.000396,8.0,-0.00039600
2026-03-27T05:20:38+0000,phemex,MIRAUSDT,0.0786,0.0785,0.07850368,0.00005,4.0,0.00010000
2026-03-27T05:34:20+0000,gate,MIRA_USDT,0.0783,0.0783,0.07835,-0.000361,8.0,-0.00036100
2026-03-27T05:34:34+0000,phemex,MIRAUSDT,0.0783,0.0783,0.07831579,0.00005,4.0,0.00010000
2026-03-27T05:51:14+0000,gate,MIRA_USDT,0.0784,0.0784,0.07848,-0.000324,8.0,-0.00032400
2026-03-27T05:51:27+0000,phemex,MIRAUSDT,0.0783,0.0783,0.07840263,0.00005,4.0,0.00010000
2026-03-27T05:52:31+0000,gate,MIRA_USDT,0.0784,0.0784,0.07846,-0.000323,8.0,-0.00032300
2026-03-27T05:52:45+0000,phemex,MIRAUSDT,0.0783,0.0783,0.07838895,0.00005,4.0,0.00010000
2026-03-27T06:12:58+0000,gate,MIRA_USDT,0.07845,0.07845,0.0785,-0.000288,8.0,-0.00028800
2026-03-27T06:13:09+0000,phemex,MIRAUSDT,0.0784,0.0784,0.07844158,0.00005,4.0,0.00010000
2026-03-27T06:14:13+0000,gate,MIRA_USDT,0.07845,0.07845,0.0785,-0.000284,8.0,-0.00028400
2026-03-27T06:14:23+0000,phemex,MIRAUSDT,0.0784,0.0784,0.07844895,0.00005,4.0,0.00010000
2026-03-27T06:15:27+0000,gate,MIRA_USDT,0.07845,0.07845,0.07853,-0.000282,8.0,-0.00028200
2026-03-27T06:15:40+0000,phemex,MIRAUSDT,0.0784,0.0784,0.07846684,0.00005,4.0,0.00010000
2026-03-27T06:22:03+0000,gate,MIRA_USDT,0.0784,0.0784,0.07846,-0.000273,8.0,-0.00027300
2026-03-27T06:22:16+0000,phemex,MIRAUSDT,0.0783,0.0783,0.07835579,0.00005,4.0,0.00010000
2026-03-27T06:23:21+0000,gate,MIRA_USDT,0.0784,0.0784,0.07844,-0.000274,8.0,-0.00027400
2026-03-27T06:23:34+0000,phemex,MIRAUSDT,0.0783,0.0782,0.07828923,0.00005,4.0,0.00010000
2026-03-27T06:24:38+0000,gate,MIRA_USDT,0.0784,0.07839,0.0784,-0.000274,8.0,-0.00027400
2026-03-27T06:24:50+0000,phemex,MIRAUSDT,0.0783,0.0782,0.07827923,0.00005,4.0,0.00010000
2026-03-27T06:25:55+0000,gate,MIRA_USDT,0.0784,0.0784,0.07841,-0.000273,8.0,-0.00027300
2026-03-27T06:26:05+0000,phemex,MIRAUSDT,0.0783,0.0782,0.07829231,0.00005,4.0,0.00010000
2026-03-27T06:32:23+0000,gate,MIRA_USDT,0.0784,0.0784,0.07842,-0.000264,8.0,-0.00026400
2026-03-27T06:32:35+0000,phemex,MIRAUSDT,0.0783,0.0783,0.07832615,0.00005,4.0,0.00010000
2026-03-27T06:33:39+0000,gate,MIRA_USDT,0.0784,0.0784,0.07843,-0.000262,8.0,-0.00026200
2026-03-27T06:33:53+0000,phemex,MIRAUSDT,0.0782,0.0782,0.07832615,0.00005,4.0,0.00010000
2026-03-27T06:36:08+0000,gate,MIRA_USDT,0.0784,0.0784,0.07845,-0.000257,8.0,-0.00025700
2026-03-27T06:36:20+0000,phemex,MIRAUSDT,0.0783,0.0783,0.07835538,0.00005,4.0,0.00010000
2026-03-27T06:42:36+0000,gate,MIRA_USDT,0.07847,0.07847,0.0785,-0.000245,8.0,-0.00024500
2026-03-27T06:42:49+0000,phemex,MIRAUSDT,0.0784,0.0784,0.07845474,0.00005,4.0,0.00010000
2026-03-27T06:45:06+0000,gate,MIRA_USDT,0.07847,0.07847,0.07849,-0.00024,8.0,-0.00024000
2026-03-27T06:45:16+0000,phemex,MIRAUSDT,0.0784,0.0785,0.07854176,0.00005,4.0,0.00010000
2026-03-27T06:46:21+0000,gate,MIRA_USDT,0.07847,0.0785,0.07854,-0.000238,8.0,-0.00023800
2026-03-27T06:46:33+0000,phemex,MIRAUSDT,0.0785,0.0785,0.07852684,0.00005,4.0,0.00010000
2026-03-27T06:55:17+0000,gate,MIRA_USDT,0.07859,0.07859,0.07861,-0.000222,8.0,-0.00022200
2026-03-27T06:55:29+0000,phemex,MIRAUSDT,0.0786,0.0786,0.07860053,0.00005,4.0,0.00010000
2026-03-27T07:04:20+0000,gate,MIRA_USDT,0.07856,0.07856,0.07858,-0.000207,8.0,-0.00020700
2026-03-27T07:04:32+0000,phemex,MIRAUSDT,0.0785,0.0785,0.07855263,0.00005,4.0,0.00010000
2026-03-27T07:13:24+0000,gate,MIRA_USDT,0.07875,0.07863,0.07864,-0.000192,8.0,-0.00019200
2026-03-27T07:13:37+0000,phemex,MIRAUSDT,0.0786,0.0786,0.0787265,0.00005,4.0,0.00010000
2026-03-27T07:27:18+0000,gate,MIRA_USDT,0.07873,0.07873,0.07876,-0.000171,8.0,-0.00017100
2026-03-27T07:27:29+0000,phemex,MIRAUSDT,0.0787,0.0787,0.0787255,0.00005,4.0,0.00010000
2026-03-27T07:44:12+0000,gate,MIRA_USDT,0.0783,0.07841,0.07851,-0.000156,8.0,-0.00015600
2026-03-27T07:44:25+0000,phemex,MIRAUSDT,0.0783,0.0783,0.07842684,0.00005,4.0,0.00010000
2026-03-27T07:45:29+0000,gate,MIRA_USDT,0.0783,0.07841,0.0785,-0.000155,8.0,-0.00015500
2026-03-27T07:45:42+0000,phemex,MIRAUSDT,0.0784,0.0784,0.07843579,0.00005,4.0,0.00010000
2026-03-27T07:47:59+0000,gate,MIRA_USDT,0.0783,0.07845,0.07853,-0.000152,8.0,-0.00015200
2026-03-27T07:48:11+0000,phemex,MIRAUSDT,0.0784,0.0784,0.07843789,0.00005,4.0,0.00010000
2026-03-27T07:54:29+0000,gate,MIRA_USDT,0.0783,0.07844,0.07856,-0.000145,8.0,-0.00014500
2026-03-27T07:54:41+0000,phemex,MIRAUSDT,0.0785,0.0784,0.07847895,0.00005,4.0,0.00010000
2026-03-27T08:17:24+0000,gate,MIRA_USDT,0.07839,0.07844,0.07857,0.0001,8.0,0.00010000
2026-03-27T08:17:34+0000,phemex,MIRAUSDT,0.0783,0.0783,0.07847077,0.00005,4.0,0.00010000
2026-03-27T13:09:30+0000,gate,MIRA_USDT,0.07566,0.07566,0.0757,-0.000891,8.0,-0.00089100
2026-03-27T13:09:41+0000,phemex,MIRAUSDT,0.0756,0.0756,0.0757325,0.00005,4.0,0.00010000
2026-03-27T13:10:45+0000,gate,MIRA_USDT,0.07566,0.07566,0.07574,-0.000887,8.0,-0.00088700
2026-03-27T13:10:56+0000,phemex,MIRAUSDT,0.0757,0.0756,0.0756715,0.00005,4.0,0.00010000
2026-03-27T13:12:00+0000,gate,MIRA_USDT,0.07566,0.07567,0.07576,-0.000883,8.0,-0.00088300
2026-03-27T13:12:11+0000,phemex,MIRAUSDT,0.0757,0.0756,0.075694,0.00005,4.0,0.00010000
2026-03-27T13:13:15+0000,gate,MIRA_USDT,0.07566,0.07567,0.07576,-0.000874,8.0,-0.00087400
2026-03-27T13:13:26+0000,phemex,MIRAUSDT,0.0757,0.0756,0.0756845,0.00005,4.0,0.00010000
2026-03-27T13:14:30+0000,gate,MIRA_USDT,0.07566,0.07567,0.07576,-0.00087,8.0,-0.00087000
2026-03-27T13:14:40+0000,phemex,MIRAUSDT,0.0756,0.0756,0.075684,0.00005,4.0,0.00010000
2026-03-27T13:19:22+0000,gate,MIRA_USDT,0.07566,0.07566,0.07579,-0.000865,8.0,-0.00086500
2026-03-27T13:19:33+0000,phemex,MIRAUSDT,0.0757,0.0757,0.0757445,0.00005,4.0,0.00010000
2026-03-27T14:00:17+0000,gate,MIRA_USDT,0.07555,0.07564,0.07578,-0.000767,8.0,-0.00076700
2026-03-27T14:00:28+0000,phemex,MIRAUSDT,0.0756,0.0756,0.07570632,0.00005,4.0,0.00010000
2026-03-27T14:27:32+0000,gate,MIRA_USDT,0.07558,0.07558,0.07571,-0.000712,8.0,-0.00071200
2026-03-27T14:27:43+0000,phemex,MIRAUSDT,0.0754,0.0755,0.0756025,0.00005,4.0,0.00010000
2026-03-27T14:31:12+0000,gate,MIRA_USDT,0.07558,0.07558,0.0757,-0.000711,8.0,-0.00071100
2026-03-27T14:31:23+0000,phemex,MIRAUSDT,0.0755,0.0755,0.075594,0.00005,4.0,0.00010000
2026-03-27T14:41:22+0000,gate,MIRA_USDT,0.07582,0.07582,0.07585,-0.000687,8.0,-0.00068700
2026-03-27T14:41:33+0000,phemex,MIRAUSDT,0.0757,0.0757,0.07577895,0.00005,4.0,0.00010000
2026-03-27T14:49:15+0000,gate,MIRA_USDT,0.07582,0.07582,0.07587,-0.000668,8.0,-0.00066800
2026-03-27T14:49:25+0000,phemex,MIRAUSDT,0.0758,0.0757,0.07578263,0.00005,4.0,0.00010000
2026-03-27T14:58:18+0000,gate,MIRA_USDT,0.07582,0.07582,0.07589,-0.000647,8.0,-0.00064700
2026-03-27T14:58:30+0000,phemex,MIRAUSDT,0.0759,0.0758,0.07586789,0.00005,4.0,0.00010000
2026-03-27T15:01:59+0000,gate,MIRA_USDT,0.07582,0.07593,0.07594,-0.000639,8.0,-0.00063900
2026-03-27T15:02:09+0000,phemex,MIRAUSDT,0.0759,0.0759,0.07593474,0.00005,4.0,0.00010000
2026-03-27T15:12:13+0000,gate,MIRA_USDT,0.07621,0.07618,0.07618,-0.00061,8.0,-0.00061000
2026-03-27T15:12:27+0000,phemex,MIRAUSDT,0.0761,0.0761,0.07615895,0.00005,4.0,0.00010000
2026-03-27T15:29:06+0000,gate,MIRA_USDT,0.07624,0.07624,0.0763,-0.000582,8.0,-0.00058200
2026-03-27T15:29:17+0000,phemex,MIRAUSDT,0.0761,0.0761,0.0762145,0.00005,4.0,0.00010000
2026-03-27T15:30:20+0000,gate,MIRA_USDT,0.07624,0.07624,0.07634,-0.000579,8.0,-0.00057900
2026-03-27T15:30:31+0000,phemex,MIRAUSDT,0.0762,0.0762,0.0762865,0.00005,4.0,0.00010000
2026-03-27T15:39:24+0000,gate,MIRA_USDT,0.07635,0.07639,0.07647,-0.00056,8.0,-0.00056000
2026-03-27T15:39:35+0000,phemex,MIRAUSDT,0.0765,0.0764,0.07644158,0.00005,4.0,0.00010000
2026-03-27T15:43:04+0000,gate,MIRA_USDT,0.07641,0.07641,0.07644,-0.000552,8.0,-0.00055200
2026-03-27T15:43:14+0000,phemex,MIRAUSDT,0.0762,0.0762,0.07635737,0.00005,4.0,0.00010000
2026-03-27T16:01:12+0000,gate,MIRA_USDT,0.07587,0.07587,0.07599,-0.00105,8.0,-0.00105000
2026-03-27T16:01:23+0000,phemex,MIRAUSDT,0.0758,0.0758,0.07579842,0.00005,4.0,0.00010000
2026-03-27T16:02:26+0000,gate,MIRA_USDT,0.0758,0.0758,0.07596,-0.001254,8.0,-0.00125400
2026-03-27T16:02:37+0000,phemex,MIRAUSDT,0.0759,0.0758,0.07586737,0.00005,4.0,0.00010000
2026-03-27T16:31:58+0000,gate,MIRA_USDT,0.07567,0.07572,0.07582,0.000052,8.0,0.00005200
2026-03-27T16:32:08+0000,phemex,MIRAUSDT,0.0758,0.0757,0.07574105,0.00005,4.0,0.00010000
2026-03-27T16:33:12+0000,gate,MIRA_USDT,0.07567,0.07569,0.0758,0.000009,8.0,0.00000900
2026-03-27T16:33:23+0000,phemex,MIRAUSDT,0.0757,0.0757,0.07572895,0.00005,4.0,0.00010000
2026-03-27T16:34:27+0000,gate,MIRA_USDT,0.07567,0.07567,0.0758,-0.000007,8.0,-0.00000700
2026-03-27T16:34:38+0000,phemex,MIRAUSDT,0.0757,0.0756,0.07569158,0.00005,4.0,0.00010000
2026-03-27T16:51:15+0000,gate,MIRA_USDT,0.07572,0.0758,0.07589,-0.000096,8.0,-0.00009600
2026-03-27T16:51:25+0000,phemex,MIRAUSDT,0.0757,0.0757,0.075849,0.00005,4.0,0.00010000
2026-03-27T16:52:29+0000,gate,MIRA_USDT,0.07572,0.07578,0.07589,-0.000085,8.0,-0.00008500
2026-03-27T16:52:40+0000,phemex,MIRAUSDT,0.0757,0.0757,0.0758195,0.00005,4.0,0.00010000
2026-03-27T17:05:12+0000,gate,MIRA_USDT,0.0757,0.07572,0.07589,-0.000143,8.0,-0.00014300
2026-03-27T17:05:23+0000,phemex,MIRAUSDT,0.0758,0.0758,0.075895,0.00005,4.0,0.00010000
2026-03-27T17:15:27+0000,gate,MIRA_USDT,0.07601,0.07601,0.07608,-0.000078,8.0,-0.00007800
2026-03-27T17:15:37+0000,phemex,MIRAUSDT,0.076,0.076,0.07606842,0.00005,4.0,0.00010000
2026-03-27T17:23:17+0000,gate,MIRA_USDT,0.07574,0.07581,0.07597,-0.00009,8.0,-0.00009000
2026-03-27T17:23:27+0000,phemex,MIRAUSDT,0.0759,0.0759,0.07591789,0.00005,4.0,0.00010000
2026-03-27T17:32:21+0000,gate,MIRA_USDT,0.07581,0.07581,0.07594,-0.000186,8.0,-0.00018600
2026-03-27T17:32:32+0000,phemex,MIRAUSDT,0.0758,0.0758,0.07587842,0.00005,4.0,0.00010000
2026-03-27T17:54:04+0000,gate,MIRA_USDT,0.07565,0.07565,0.07583,-0.000286,8.0,-0.00028600
2026-03-27T17:54:14+0000,phemex,MIRAUSDT,0.0757,0.0757,0.07572474,0.00005,4.0,0.00010000
2026-03-27T18:03:08+0000,gate,MIRA_USDT,0.07556,0.0756,0.07583,-0.000348,8.0,-0.00034800
2026-03-27T18:03:24+0000,phemex,MIRAUSDT,0.0756,0.0756,0.07568579,0.00005,4.0,0.00010000
2026-03-27T18:04:28+0000,gate,MIRA_USDT,0.07552,0.07553,0.07576,-0.000357,8.0,-0.00035700
2026-03-27T18:04:39+0000,phemex,MIRAUSDT,0.0756,0.0756,0.07565,0.00005,4.0,0.00010000
2026-03-27T18:13:25+0000,gate,MIRA_USDT,0.07549,0.07556,0.0758,-0.000417,8.0,-0.00041700
2026-03-27T18:13:36+0000,phemex,MIRAUSDT,0.0756,0.0756,0.07564737,0.00005,4.0,0.00010000
2026-03-27T18:36:27+0000,gate,MIRA_USDT,0.0755,0.0755,0.07569,-0.000586,8.0,-0.00058600
2026-03-27T18:36:41+0000,phemex,MIRAUSDT,0.0755,0.0755,0.07557737,0.00005,4.0,0.00010000
2026-03-27T18:57:47+0000,gate,MIRA_USDT,0.07558,0.07558,0.07571,-0.000696,8.0,-0.00069600
2026-03-27T18:58:00+0000,phemex,MIRAUSDT,0.0756,0.0756,0.075671,0.00005,4.0,0.00010000
2026-03-27T18:59:04+0000,gate,MIRA_USDT,0.07558,0.0756,0.07576,-0.000683,8.0,-0.00068300
2026-03-27T18:59:16+0000,phemex,MIRAUSDT,0.0756,0.0756,0.075683,0.00005,4.0,0.00010000
2026-03-27T19:00:20+0000,gate,MIRA_USDT,0.07558,0.07561,0.07575,-0.000678,8.0,-0.00067800
2026-03-27T19:00:32+0000,phemex,MIRAUSDT,0.0756,0.0756,0.075677,0.00005,4.0,0.00010000
2026-03-27T19:01:36+0000,gate,MIRA_USDT,0.0756,0.0756,0.07571,-0.000675,8.0,-0.00067500
2026-03-27T19:01:49+0000,phemex,MIRAUSDT,0.0756,0.0756,0.075614,0.00005,4.0,0.00010000
2026-03-27T19:05:19+0000,gate,MIRA_USDT,0.07552,0.07552,0.07568,-0.000683,8.0,-0.00068300
2026-03-27T19:05:30+0000,phemex,MIRAUSDT,0.0755,0.0755,0.0755575,0.00005,4.0,0.00010000
2026-03-27T19:06:34+0000,gate,MIRA_USDT,0.07552,0.07552,0.07565,-0.00069,8.0,-0.00069000
2026-03-27T19:06:46+0000,phemex,MIRAUSDT,0.0755,0.0755,0.0755315,0.00005,4.0,0.00010000
2026-03-27T19:14:14+0000,gate,MIRA_USDT,0.07555,0.07555,0.07566,-0.000691,8.0,-0.00069100
2026-03-27T19:14:24+0000,phemex,MIRAUSDT,0.0755,0.0755,0.07559789,0.00005,4.0,0.00010000
2026-03-27T19:15:29+0000,gate,MIRA_USDT,0.07561,0.07555,0.07568,-0.000685,8.0,-0.00068500
2026-03-27T19:15:41+0000,phemex,MIRAUSDT,0.0755,0.0755,0.07565368,0.00005,4.0,0.00010000
2026-03-27T19:24:30+0000,gate,MIRA_USDT,0.07577,0.07579,0.07593,-0.000653,8.0,-0.00065300
2026-03-27T19:24:41+0000,phemex,MIRAUSDT,0.0757,0.0758,0.075878,0.00005,4.0,0.00010000
2026-03-27T19:37:17+0000,gate,MIRA_USDT,0.07611,0.07611,0.07618,-0.000622,8.0,-0.00062200
2026-03-27T19:37:29+0000,phemex,MIRAUSDT,0.0762,0.0761,0.07619421,0.00005,4.0,0.00010000
2026-03-27T19:38:33+0000,gate,MIRA_USDT,0.07611,0.07611,0.07618,-0.000617,8.0,-0.00061700
2026-03-27T19:38:45+0000,phemex,MIRAUSDT,0.0762,0.0761,0.07619421,0.00005,4.0,0.00010000
2026-03-27T19:46:17+0000,gate,MIRA_USDT,0.07601,0.07601,0.07611,-0.000595,8.0,-0.00059500
2026-03-27T19:46:28+0000,phemex,MIRAUSDT,0.0762,0.076,0.07608421,0.00005,4.0,0.00010000
2026-03-27T19:47:33+0000,gate,MIRA_USDT,0.07601,0.07601,0.07609,-0.000594,8.0,-0.00059400
2026-03-27T19:47:45+0000,phemex,MIRAUSDT,0.0762,0.076,0.07607684,0.00005,4.0,0.00010000
2026-03-27T20:09:15+0000,gate,MIRA_USDT,0.07621,0.07621,0.07626,-0.000518,8.0,-0.00051800
2026-03-27T20:09:25+0000,phemex,MIRAUSDT,0.0762,0.0762,0.07622368,0.00005,4.0,0.00010000
2026-03-27T20:18:19+0000,gate,MIRA_USDT,0.07602,0.07606,0.07618,-0.000506,8.0,-0.00050600
2026-03-27T20:18:30+0000,phemex,MIRAUSDT,0.076,0.076,0.07609579,0.00005,4.0,0.00010000
2026-03-27T20:19:34+0000,gate,MIRA_USDT,0.07602,0.07602,0.07611,-0.000504,8.0,-0.00050400
2026-03-27T20:19:46+0000,phemex,MIRAUSDT,0.0761,0.0761,0.07614895,0.00005,4.0,0.00010000
2026-03-27T20:26:14+0000,gate,MIRA_USDT,0.07585,0.07593,0.07606,-0.000489,8.0,-0.00048900
2026-03-27T20:26:26+0000,phemex,MIRAUSDT,0.0759,0.0759,0.07602158,0.00005,4.0,0.00010000
2026-03-27T20:27:30+0000,gate,MIRA_USDT,0.07585,0.07592,0.07606,-0.000489,8.0,-0.00048900
2026-03-27T20:27:42+0000,phemex,MIRAUSDT,0.0759,0.0759,0.07602474,0.00005,4.0,0.00010000
2026-03-27T20:49:13+0000,gate,MIRA_USDT,0.07596,0.07596,0.076,-0.000459,8.0,-0.00045900
2026-03-27T20:49:28+0000,phemex,MIRAUSDT,0.076,0.0759,0.07597158,0.00005,4.0,0.00010000
2026-03-27T20:50:32+0000,gate,MIRA_USDT,0.07596,0.07596,0.07602,-0.000459,8.0,-0.00045900
2026-03-27T20:50:44+0000,phemex,MIRAUSDT,0.0759,0.0759,0.07595263,0.00005,4.0,0.00010000
2026-03-27T20:59:30+0000,gate,MIRA_USDT,0.07596,0.07596,0.07606,-0.000448,8.0,-0.00044800
2026-03-27T20:59:45+0000,phemex,MIRAUSDT,0.076,0.076,0.07601421,0.00005,4.0,0.00010000
2026-03-27T21:07:17+0000,gate,MIRA_USDT,0.07599,0.07599,0.07604,-0.000426,8.0,-0.00042600
2026-03-27T21:07:27+0000,phemex,MIRAUSDT,0.076,0.076,0.07603316,0.00005,4.0,0.00010000
2026-03-27T21:08:31+0000,gate,MIRA_USDT,0.07599,0.07599,0.07608,-0.000424,8.0,-0.00042400
2026-03-27T21:08:44+0000,phemex,MIRAUSDT,0.076,0.076,0.07606154,0.00005,4.0,0.00010000
2026-03-27T21:17:34+0000,gate,MIRA_USDT,0.07593,0.07596,0.07607,-0.000409,8.0,-0.00040900
2026-03-27T21:17:43+0000,phemex,MIRAUSDT,0.076,0.076,0.07606769,0.00005,4.0,0.00010000
2026-03-27T21:29:07+0000,gate,MIRA_USDT,0.07588,0.07598,0.0761,-0.000395,8.0,-0.00039500
2026-03-27T21:29:18+0000,phemex,MIRAUSDT,0.076,0.076,0.076053,0.00005,4.0,0.00010000
2026-03-27T21:30:22+0000,gate,MIRA_USDT,0.07588,0.07593,0.07607,-0.000395,8.0,-0.00039500
2026-03-27T21:30:34+0000,phemex,MIRAUSDT,0.0759,0.0759,0.076032,0.00005,4.0,0.00010000
2026-03-27T21:31:38+0000,gate,MIRA_USDT,0.07588,0.07593,0.07608,-0.000393,8.0,-0.00039300
2026-03-27T21:31:50+0000,phemex,MIRAUSDT,0.0761,0.076,0.076041,0.00005,4.0,0.00010000
2026-03-27T21:39:25+0000,gate,MIRA_USDT,0.07595,0.07595,0.07606,-0.000397,8.0,-0.00039700
2026-03-27T21:39:37+0000,phemex,MIRAUSDT,0.0759,0.0759,0.075979,0.00005,4.0,0.00010000
2026-03-27T21:48:24+0000,gate,MIRA_USDT,0.07595,0.07595,0.07602,-0.000408,8.0,-0.00040800
2026-03-27T21:48:36+0000,phemex,MIRAUSDT,0.0758,0.0758,0.075912,0.00005,4.0,0.00010000
2026-03-27T21:49:40+0000,gate,MIRA_USDT,0.07595,0.07595,0.07599,-0.00041,8.0,-0.00041000
2026-03-27T21:49:51+0000,phemex,MIRAUSDT,0.0759,0.0759,0.075899,0.00005,4.0,0.00010000
2026-03-27T21:52:08+0000,gate,MIRA_USDT,0.07595,0.07595,0.07601,-0.000419,8.0,-0.00041900
2026-03-27T21:52:19+0000,phemex,MIRAUSDT,0.0758,0.0758,0.07587947,0.00005,4.0,0.00010000
2026-03-27T22:02:21+0000,gate,MIRA_USDT,0.07566,0.07569,0.07594,-0.000442,8.0,-0.00044200
2026-03-27T22:02:33+0000,phemex,MIRAUSDT,0.0757,0.0758,0.07585263,0.00005,4.0,0.00010000
2026-03-27T22:11:24+0000,gate,MIRA_USDT,0.07566,0.07566,0.07586,-0.000474,8.0,-0.00047400
2026-03-27T22:11:33+0000,phemex,MIRAUSDT,0.0757,0.0757,0.07574526,0.00005,4.0,0.00010000
2026-03-27T22:19:14+0000,gate,MIRA_USDT,0.07578,0.07578,0.07598,-0.000488,8.0,-0.00048800
2026-03-27T22:19:24+0000,phemex,MIRAUSDT,0.0757,0.0757,0.07587526,0.00005,4.0,0.00010000
2026-03-27T22:20:28+0000,gate,MIRA_USDT,0.07583,0.07583,0.07598,-0.00049,8.0,-0.00049000
2026-03-27T22:20:40+0000,phemex,MIRAUSDT,0.0758,0.0758,0.07588632,0.00005,4.0,0.00010000
2026-03-27T22:29:31+0000,gate,MIRA_USDT,0.07583,0.07581,0.07582,-0.000513,8.0,-0.00051300
2026-03-27T22:29:42+0000,phemex,MIRAUSDT,0.0757,0.0757,0.07571316,0.00005,4.0,0.00010000
2026-03-27T22:42:15+0000,gate,MIRA_USDT,0.07563,0.07563,0.0758,-0.000535,8.0,-0.00053500
2026-03-27T22:42:26+0000,phemex,MIRAUSDT,0.0757,0.0756,0.07566474,0.00005,4.0,0.00010000
2026-03-27T22:43:31+0000,gate,MIRA_USDT,0.07563,0.07563,0.0758,-0.000537,8.0,-0.00053700
2026-03-27T22:43:43+0000,phemex,MIRAUSDT,0.0757,0.0756,0.07566737,0.00005,4.0,0.00010000
2026-03-27T22:51:19+0000,gate,MIRA_USDT,0.0757,0.0757,0.07586,-0.000551,8.0,-0.00055100
2026-03-27T22:51:30+0000,phemex,MIRAUSDT,0.0757,0.0757,0.07572769,0.00005,4.0,0.00010000
2026-03-27T22:52:35+0000,gate,MIRA_USDT,0.0757,0.0757,0.07585,-0.000554,8.0,-0.00055400
2026-03-27T22:52:47+0000,phemex,MIRAUSDT,0.0757,0.0756,0.07569462,0.00005,4.0,0.00010000
2026-03-27T23:00:23+0000,gate,MIRA_USDT,0.07555,0.07556,0.07577,-0.000575,8.0,-0.00057500
2026-03-27T23:00:35+0000,phemex,MIRAUSDT,0.0757,0.0755,0.07559,0.00005,4.0,0.00010000
2026-03-27T23:31:11+0000,gate,MIRA_USDT,0.07529,0.07544,0.0757,-0.000667,8.0,-0.00066700
2026-03-27T23:31:22+0000,phemex,MIRAUSDT,0.0755,0.0755,0.07557579,0.00005,4.0,0.00010000
2026-03-27T23:32:26+0000,gate,MIRA_USDT,0.07529,0.07545,0.0757,-0.000669,8.0,-0.00066900
2026-03-27T23:32:39+0000,phemex,MIRAUSDT,0.0755,0.0755,0.07555684,0.00005,4.0,0.00010000
2026-03-27T23:33:42+0000,gate,MIRA_USDT,0.07529,0.07546,0.0757,-0.000671,8.0,-0.00067100
2026-03-27T23:33:54+0000,phemex,MIRAUSDT,0.0755,0.0755,0.07555526,0.00005,4.0,0.00010000
2026-03-27T23:41:28+0000,gate,MIRA_USDT,0.07545,0.07547,0.0757,-0.000688,8.0,-0.00068800
2026-03-27T23:41:39+0000,phemex,MIRAUSDT,0.0755,0.0754,0.07543091,0.00005,4.0,0.00010000
2026-03-27T23:55:23+0000,gate,MIRA_USDT,0.07564,0.07564,0.07579,-0.000711,8.0,-0.00071100
2026-03-27T23:55:35+0000,phemex,MIRAUSDT,0.0756,0.0756,0.07562684,0.00005,4.0,0.00010000
