timestamp,exchange,symbol,last_price,mark_price,index_price,funding_rate,funding_interval_h,funding_rate_8h
2026-06-10T01:56:30+0000,gate,HUMA_USDT,0.02237,0.02238,0.02239,0.00005,4.0,0.00010000
2026-06-10T01:56:43+0000,phemex,HUMAUSDT,0.02237,0.02238,0.02239,0.00005,4.0,0.00010000
2026-06-10T03:48:49+0000,gate,HUMA_USDT,0.02201,0.02204,0.022048,0.00005,4.0,0.00010000
2026-06-10T03:49:00+0000,phemex,HUMAUSDT,0.02203,0.02203,0.02204444,0.00005,4.0,0.00010000
2026-06-10T03:50:07+0000,gate,HUMA_USDT,0.02201,0.02204,0.022046,0.00005,4.0,0.00010000
2026-06-10T03:50:17+0000,phemex,HUMAUSDT,0.0221,0.02209,0.02209333,0.00005,4.0,0.00010000
2026-06-10T03:51:24+0000,gate,HUMA_USDT,0.02207,0.0221,0.022108,0.00005,4.0,0.00010000
2026-06-10T03:51:34+0000,phemex,HUMAUSDT,0.02213,0.02212,0.02212556,0.00005,4.0,0.00010000
2026-06-10T03:52:42+0000,gate,HUMA_USDT,0.02217,0.02217,0.022178,0.00005,4.0,0.00010000
2026-06-10T03:52:52+0000,phemex,HUMAUSDT,0.02215,0.02216,0.022177,0.00005,4.0,0.00010000
2026-06-10T04:05:29+0000,gate,HUMA_USDT,0.02222,0.0222,0.022204,0.00005,4.0,0.00010000
2026-06-10T04:05:39+0000,phemex,HUMAUSDT,0.02218,0.02219,0.022209,0.00005,4.0,0.00010000
2026-06-10T05:29:20+0000,gate,HUMA_USDT,0.02222,0.02227,0.022274,0.00005,4.0,0.00010000
2026-06-10T05:29:30+0000,phemex,HUMAUSDT,0.0223,0.02229,0.022287,0.00005,4.0,0.00010000
2026-06-10T06:01:27+0000,gate,HUMA_USDT,0.02252,0.02251,0.022518,0.00005,4.0,0.00010000
2026-06-10T06:01:37+0000,phemex,HUMAUSDT,0.02249,0.02249,0.022495,0.00005,4.0,0.00010000
2026-06-10T07:21:25+0000,gate,HUMA_USDT,0.02263,0.02263,0.022614,0.00005,4.0,0.00010000
2026-06-10T07:21:35+0000,phemex,HUMAUSDT,0.02264,0.02264,0.02265556,0.00005,4.0,0.00010000
2026-06-10T09:35:18+0000,gate,HUMA_USDT,0.02257,0.0225,0.022498,0.00005,4.0,0.00010000
2026-06-10T09:35:27+0000,phemex,HUMAUSDT,0.0225,0.02251,0.022512,0.00005,4.0,0.00010000
2026-06-10T10:02:17+0000,gate,HUMA_USDT,0.02248,0.02245,0.02245,0.00005,4.0,0.00010000
2026-06-10T10:02:29+0000,phemex,HUMAUSDT,0.0224,0.02242,0.02243333,0.00005,4.0,0.00010000
2026-06-10T10:03:37+0000,gate,HUMA_USDT,0.02248,0.02244,0.022446,0.00005,4.0,0.00010000
2026-06-10T10:03:48+0000,phemex,HUMAUSDT,0.02247,0.02245,0.02245222,0.00005,4.0,0.00010000
2026-06-10T10:04:56+0000,gate,HUMA_USDT,0.02248,0.02245,0.022446,0.00005,4.0,0.00010000
2026-06-10T10:05:07+0000,phemex,HUMAUSDT,0.02243,0.02243,0.02243889,0.00005,4.0,0.00010000
2026-06-10T10:06:15+0000,gate,HUMA_USDT,0.02248,0.02241,0.022414,0.00005,4.0,0.00010000
2026-06-10T10:06:25+0000,phemex,HUMAUSDT,0.02242,0.0224,0.02240556,0.00005,4.0,0.00010000
2026-06-10T11:03:20+0000,gate,HUMA_USDT,0.02248,0.0225,0.022514,0.00005,4.0,0.00010000
2026-06-10T11:03:28+0000,phemex,HUMAUSDT,0.0225,0.02251,0.02251889,0.00005,4.0,0.00010000
2026-06-10T15:36:38+0000,gate,HUMA_USDT,0.02272,0.02272,0.022734,0.00005,4.0,0.00010000
2026-06-10T15:36:47+0000,phemex,HUMAUSDT,0.02273,0.02273,0.022735,0.00005,4.0,0.00010000
2026-06-10T15:37:54+0000,gate,HUMA_USDT,0.02269,0.02269,0.02272,0.00005,4.0,0.00010000
2026-06-10T15:38:04+0000,phemex,HUMAUSDT,0.02274,0.02272,0.022727,0.00005,4.0,0.00010000
2026-06-10T15:39:11+0000,gate,HUMA_USDT,0.02269,0.02269,0.0227,0.00005,4.0,0.00010000
2026-06-10T15:39:20+0000,phemex,HUMAUSDT,0.02268,0.02268,0.022683,0.00005,4.0,0.00010000
2026-06-10T15:40:28+0000,gate,HUMA_USDT,0.02269,0.02269,0.022692,0.00005,4.0,0.00010000
2026-06-10T15:40:37+0000,phemex,HUMAUSDT,0.0227,0.02268,0.022688,0.00005,4.0,0.00010000
2026-06-10T15:41:45+0000,gate,HUMA_USDT,0.02268,0.02268,0.022696,0.00005,4.0,0.00010000
2026-06-10T15:41:55+0000,phemex,HUMAUSDT,0.02268,0.02268,0.022696,0.00005,4.0,0.00010000
2026-06-10T15:43:02+0000,gate,HUMA_USDT,0.02269,0.02268,0.022686,0.00005,4.0,0.00010000
2026-06-10T15:43:11+0000,phemex,HUMAUSDT,0.02265,0.02267,0.022686,0.00005,4.0,0.00010000
2026-06-10T15:44:18+0000,gate,HUMA_USDT,0.02269,0.02269,0.022696,0.00005,4.0,0.00010000
2026-06-10T15:44:28+0000,phemex,HUMAUSDT,0.02271,0.0227,0.022707,0.00005,4.0,0.00010000
2026-06-10T15:45:36+0000,gate,HUMA_USDT,0.02269,0.02269,0.022708,0.00005,4.0,0.00010000
2026-06-10T15:45:46+0000,phemex,HUMAUSDT,0.02273,0.02272,0.022721,0.00005,4.0,0.00010000
2026-06-10T15:46:53+0000,gate,HUMA_USDT,0.02269,0.02271,0.022714,0.00005,4.0,0.00010000
2026-06-10T15:47:03+0000,phemex,HUMAUSDT,0.02275,0.02273,0.022736,0.00005,4.0,0.00010000
2026-06-10T15:47:18+0000,gate,HUMA_USDT,0.02269,0.02271,0.022714,0.00005,4.0,0.00010000
2026-06-10T15:47:27+0000,phemex,HUMAUSDT,0.02276,0.02273,0.022736,0.00005,4.0,0.00010000
2026-06-10T15:48:35+0000,gate,HUMA_USDT,0.02267,0.02264,0.02264,0.00005,4.0,0.00010000
2026-06-10T15:48:45+0000,phemex,HUMAUSDT,0.02258,0.0226,0.022604,0.00005,4.0,0.00010000
2026-06-10T15:49:52+0000,gate,HUMA_USDT,0.02267,0.02263,0.02263,0.00005,4.0,0.00010000
2026-06-10T15:50:03+0000,phemex,HUMAUSDT,0.02261,0.02262,0.022629,0.00005,4.0,0.00010000
2026-06-10T15:51:10+0000,gate,HUMA_USDT,0.02267,0.0226,0.022602,0.00005,4.0,0.00010000
2026-06-10T15:51:20+0000,phemex,HUMAUSDT,0.02263,0.02261,0.022616,0.00005,4.0,0.00010000
2026-06-10T15:52:27+0000,gate,HUMA_USDT,0.02267,0.0226,0.022608,0.00005,4.0,0.00010000
2026-06-10T15:52:38+0000,phemex,HUMAUSDT,0.02262,0.02262,0.022621,0.00005,4.0,0.00010000
2026-06-10T15:53:45+0000,gate,HUMA_USDT,0.02267,0.02264,0.022642,0.00005,4.0,0.00010000
2026-06-10T15:53:54+0000,phemex,HUMAUSDT,0.02264,0.02265,0.022659,0.00005,4.0,0.00010000
2026-06-10T15:55:02+0000,gate,HUMA_USDT,0.02267,0.02267,0.02269,0.00005,4.0,0.00010000
2026-06-10T15:55:11+0000,phemex,HUMAUSDT,0.02273,0.0227,0.022708,0.00005,4.0,0.00010000
2026-06-10T15:56:19+0000,gate,HUMA_USDT,0.02267,0.02267,0.022674,0.00005,4.0,0.00010000
2026-06-10T15:56:34+0000,phemex,HUMAUSDT,0.02266,0.02265,0.022659,0.00005,4.0,0.00010000
2026-06-10T15:57:40+0000,gate,HUMA_USDT,0.02267,0.02266,0.022668,0.00005,4.0,0.00010000
2026-06-10T15:57:49+0000,phemex,HUMAUSDT,0.02268,0.02268,0.022684,0.00005,4.0,0.00010000
2026-06-10T15:58:56+0000,gate,HUMA_USDT,0.02267,0.02267,0.022672,0.00005,4.0,0.00010000
2026-06-10T15:59:05+0000,phemex,HUMAUSDT,0.02266,0.02267,0.022678,0.00005,4.0,0.00010000
2026-06-10T16:00:12+0000,gate,HUMA_USDT,0.02267,0.02267,0.022676,0.00005,4.0,0.00010000
2026-06-10T16:00:22+0000,phemex,HUMAUSDT,0.02266,0.02264,0.022647,0.00005,4.0,0.00010000
2026-06-10T16:01:29+0000,gate,HUMA_USDT,0.02257,0.02263,0.022652,0.00005,4.0,0.00010000
2026-06-10T16:01:39+0000,phemex,HUMAUSDT,0.02263,0.02264,0.022645,0.00005,4.0,0.00010000
2026-06-10T16:02:46+0000,gate,HUMA_USDT,0.02263,0.02263,0.022648,0.00005,4.0,0.00010000
2026-06-10T16:02:56+0000,phemex,HUMAUSDT,0.02264,0.02266,0.022665,0.00005,4.0,0.00010000
2026-06-10T16:04:03+0000,gate,HUMA_USDT,0.02263,0.02263,0.022644,0.00005,4.0,0.00010000
2026-06-10T16:04:13+0000,phemex,HUMAUSDT,0.02267,0.02266,0.02266,0.00005,4.0,0.00010000
2026-06-10T16:05:20+0000,gate,HUMA_USDT,0.02267,0.02266,0.02266,0.00005,4.0,0.00010000
2026-06-10T16:05:29+0000,phemex,HUMAUSDT,0.02273,0.02276,0.022767,0.00005,4.0,0.00010000
2026-06-10T16:06:36+0000,gate,HUMA_USDT,0.02273,0.02273,0.022738,0.00005,4.0,0.00010000
2026-06-10T16:06:50+0000,phemex,HUMAUSDT,0.02276,0.02275,0.022758,0.00005,4.0,0.00010000
2026-06-10T16:08:01+0000,gate,HUMA_USDT,0.02273,0.02273,0.022734,0.00005,4.0,0.00010000
2026-06-10T16:08:13+0000,phemex,HUMAUSDT,0.02279,0.02275,0.022754,0.00005,4.0,0.00010000
2026-06-10T16:09:21+0000,gate,HUMA_USDT,0.02273,0.02273,0.02273,0.00005,4.0,0.00010000
2026-06-10T16:09:30+0000,phemex,HUMAUSDT,0.02274,0.02274,0.022743,0.00005,4.0,0.00010000
2026-06-10T16:10:38+0000,gate,HUMA_USDT,0.02273,0.02272,0.022716,0.00005,4.0,0.00010000
2026-06-10T16:10:48+0000,phemex,HUMAUSDT,0.02269,0.02271,0.02272,0.00005,4.0,0.00010000
2026-06-10T16:11:55+0000,gate,HUMA_USDT,0.0227,0.02271,0.022716,0.00005,4.0,0.00010000
2026-06-10T16:12:05+0000,phemex,HUMAUSDT,0.02271,0.02272,0.022731,0.00005,4.0,0.00010000
2026-06-10T16:13:12+0000,gate,HUMA_USDT,0.0227,0.0227,0.022714,0.00005,4.0,0.00010000
2026-06-10T16:13:21+0000,phemex,HUMAUSDT,0.0227,0.0227,0.022709,0.00005,4.0,0.00010000
2026-06-10T16:14:28+0000,gate,HUMA_USDT,0.0227,0.0227,0.022712,0.00005,4.0,0.00010000
2026-06-10T16:14:39+0000,phemex,HUMAUSDT,0.02266,0.02269,0.022704,0.00005,4.0,0.00010000
2026-06-10T16:15:47+0000,gate,HUMA_USDT,0.0227,0.0227,0.022712,0.00005,4.0,0.00010000
2026-06-10T16:16:03+0000,phemex,HUMAUSDT,0.02268,0.02269,0.022704,0.00005,4.0,0.00010000
2026-06-10T16:17:12+0000,gate,HUMA_USDT,0.02266,0.02266,0.022692,0.00005,4.0,0.00010000
2026-06-10T16:17:23+0000,phemex,HUMAUSDT,0.02267,0.02267,0.022691,0.00005,4.0,0.00010000
2026-06-10T16:18:26+0000,gate,HUMA_USDT,0.02266,0.02266,0.02268,0.00005,4.0,0.00010000
2026-06-10T16:18:36+0000,phemex,HUMAUSDT,0.02265,0.02265,0.022663,0.00005,4.0,0.00010000
2026-06-10T16:19:44+0000,gate,HUMA_USDT,0.02263,0.02263,0.02268,0.00005,4.0,0.00010000
2026-06-10T16:19:53+0000,phemex,HUMAUSDT,0.02266,0.02266,0.022675,0.00005,4.0,0.00010000
2026-06-10T16:21:00+0000,gate,HUMA_USDT,0.02264,0.02264,0.022682,0.00005,4.0,0.00010000
2026-06-10T16:21:10+0000,phemex,HUMAUSDT,0.02262,0.02266,0.022677,0.00005,4.0,0.00010000
2026-06-10T16:22:17+0000,gate,HUMA_USDT,0.02264,0.02263,0.022634,0.00005,4.0,0.00010000
2026-06-10T16:22:27+0000,phemex,HUMAUSDT,0.0226,0.0226,0.022621,0.00005,4.0,0.00010000
2026-06-10T16:23:35+0000,gate,HUMA_USDT,0.02264,0.02262,0.02262,0.00005,4.0,0.00010000
2026-06-10T16:23:44+0000,phemex,HUMAUSDT,0.02258,0.02259,0.022607,0.00005,4.0,0.00010000
2026-06-10T16:24:51+0000,gate,HUMA_USDT,0.02264,0.02256,0.022568,0.00005,4.0,0.00010000
2026-06-10T16:25:02+0000,phemex,HUMAUSDT,0.0225,0.02251,0.022533,0.00005,4.0,0.00010000
2026-06-10T16:26:09+0000,gate,HUMA_USDT,0.02264,0.02252,0.022524,0.00005,4.0,0.00010000
2026-06-10T16:26:18+0000,phemex,HUMAUSDT,0.02251,0.0225,0.022506,0.00005,4.0,0.00010000
2026-06-10T16:27:26+0000,gate,HUMA_USDT,0.02264,0.02253,0.022538,0.00005,4.0,0.00010000
2026-06-10T16:27:35+0000,phemex,HUMAUSDT,0.02251,0.0225,0.02250444,0.00005,4.0,0.00010000
2026-06-10T16:28:42+0000,gate,HUMA_USDT,0.02264,0.02255,0.022552,0.00005,4.0,0.00010000
2026-06-10T16:28:52+0000,phemex,HUMAUSDT,0.02254,0.02251,0.02251333,0.00005,4.0,0.00010000
2026-06-10T16:29:05+0000,gate,HUMA_USDT,0.02264,0.02255,0.022554,0.00005,4.0,0.00010000
2026-06-10T16:29:15+0000,phemex,HUMAUSDT,0.02252,0.02252,0.02253,0.00005,4.0,0.00010000
2026-06-10T16:30:22+0000,gate,HUMA_USDT,0.02264,0.02256,0.02256,0.00005,4.0,0.00010000
2026-06-10T16:30:32+0000,phemex,HUMAUSDT,0.02253,0.02253,0.02253,0.00005,4.0,0.00010000
2026-06-10T16:31:39+0000,gate,HUMA_USDT,0.02264,0.02253,0.022538,0.00005,4.0,0.00010000
2026-06-10T16:31:48+0000,phemex,HUMAUSDT,0.02246,0.02248,0.02249111,0.00005,4.0,0.00010000
2026-06-10T16:32:56+0000,gate,HUMA_USDT,0.02264,0.02252,0.022524,0.00005,4.0,0.00010000
2026-06-10T16:33:05+0000,phemex,HUMAUSDT,0.02248,0.02248,0.02248556,0.00005,4.0,0.00010000
2026-06-10T16:34:13+0000,gate,HUMA_USDT,0.02264,0.02251,0.022512,0.00005,4.0,0.00010000
2026-06-10T16:34:23+0000,phemex,HUMAUSDT,0.02244,0.02245,0.02245889,0.00005,4.0,0.00010000
2026-06-10T16:35:31+0000,gate,HUMA_USDT,0.02264,0.02251,0.022516,0.00005,4.0,0.00010000
2026-06-10T16:35:41+0000,phemex,HUMAUSDT,0.02244,0.02245,0.02246111,0.00005,4.0,0.00010000
2026-06-10T16:36:48+0000,gate,HUMA_USDT,0.02264,0.02251,0.022514,0.00005,4.0,0.00010000
2026-06-10T16:36:59+0000,phemex,HUMAUSDT,0.02245,0.02245,0.02245889,0.00005,4.0,0.00010000
2026-06-10T16:38:07+0000,gate,HUMA_USDT,0.02264,0.02251,0.022512,0.00005,4.0,0.00010000
2026-06-10T16:38:16+0000,phemex,HUMAUSDT,0.02242,0.02244,0.02244667,0.00005,4.0,0.00010000
2026-06-10T16:39:28+0000,gate,HUMA_USDT,0.02264,0.0225,0.022508,0.00005,4.0,0.00010000
2026-06-10T16:39:38+0000,phemex,HUMAUSDT,0.02237,0.02241,0.02242444,0.00005,4.0,0.00010000
2026-06-10T16:40:45+0000,gate,HUMA_USDT,0.02264,0.02247,0.022478,0.00005,4.0,0.00010000
2026-06-10T16:40:54+0000,phemex,HUMAUSDT,0.02243,0.02242,0.02242667,0.00005,4.0,0.00010000
2026-06-10T16:42:01+0000,gate,HUMA_USDT,0.02264,0.02246,0.022468,0.00005,4.0,0.00010000
2026-06-10T16:42:11+0000,phemex,HUMAUSDT,0.02239,0.0224,0.02241222,0.00005,4.0,0.00010000
2026-06-10T16:43:19+0000,gate,HUMA_USDT,0.02264,0.02246,0.022464,0.00005,4.0,0.00010000
2026-06-10T16:43:29+0000,phemex,HUMAUSDT,0.02241,0.0224,0.02240333,0.00005,4.0,0.00010000
2026-06-10T16:44:36+0000,gate,HUMA_USDT,0.02264,0.02247,0.02247,0.00005,4.0,0.00010000
2026-06-10T16:44:45+0000,phemex,HUMAUSDT,0.02243,0.02242,0.02242333,0.00005,4.0,0.00010000
2026-06-10T16:45:52+0000,gate,HUMA_USDT,0.02264,0.02246,0.022464,0.00005,4.0,0.00010000
2026-06-10T16:46:01+0000,phemex,HUMAUSDT,0.02239,0.02239,0.02240333,0.00005,4.0,0.00010000
2026-06-10T16:47:09+0000,gate,HUMA_USDT,0.02231,0.02231,0.022398,0.00005,4.0,0.00010000
2026-06-10T16:47:19+0000,phemex,HUMAUSDT,0.02232,0.02232,0.02232222,0.00005,4.0,0.00010000
2026-06-10T16:48:26+0000,gate,HUMA_USDT,0.02227,0.02228,0.022372,0.00005,4.0,0.00010000
2026-06-10T16:48:35+0000,phemex,HUMAUSDT,0.02226,0.02228,0.02228667,0.00005,4.0,0.00010000
2026-06-10T16:49:43+0000,gate,HUMA_USDT,0.02227,0.02227,0.022368,0.00005,4.0,0.00010000
2026-06-10T16:49:52+0000,phemex,HUMAUSDT,0.02227,0.02228,0.02228111,0.00005,4.0,0.00010000
2026-06-10T16:50:06+0000,gate,HUMA_USDT,0.02227,0.02227,0.022366,0.000028,4.0,0.00005600
2026-06-10T16:50:15+0000,phemex,HUMAUSDT,0.02226,0.02227,0.02227556,0.00005,4.0,0.00010000
2026-06-10T16:51:22+0000,gate,HUMA_USDT,0.02227,0.02227,0.022282,0.000018,4.0,0.00003600
2026-06-10T16:51:31+0000,phemex,HUMAUSDT,0.02231,0.02233,0.022337,0.00005,4.0,0.00010000
2026-06-10T16:52:40+0000,gate,HUMA_USDT,0.02231,0.02231,0.022334,0.000026,4.0,0.00005200
2026-06-10T16:52:49+0000,phemex,HUMAUSDT,0.02236,0.02236,0.022371,0.00005,4.0,0.00010000
2026-06-10T16:53:57+0000,gate,HUMA_USDT,0.02231,0.02231,0.022366,0.000035,4.0,0.00007000
2026-06-10T16:54:05+0000,phemex,HUMAUSDT,0.02233,0.02236,0.022362,0.00005,4.0,0.00010000
2026-06-10T16:55:13+0000,gate,HUMA_USDT,0.02231,0.02234,0.022372,0.00005,4.0,0.00010000
2026-06-10T16:55:23+0000,phemex,HUMAUSDT,0.02241,0.02241,0.022413,0.00005,4.0,0.00010000
2026-06-10T16:56:31+0000,gate,HUMA_USDT,0.02231,0.02239,0.022396,0.00005,4.0,0.00010000
2026-06-10T16:56:40+0000,phemex,HUMAUSDT,0.02242,0.0224,0.022408,0.00005,4.0,0.00010000
2026-06-10T16:57:46+0000,gate,HUMA_USDT,0.02231,0.02239,0.022396,0.00005,4.0,0.00010000
2026-06-10T16:57:56+0000,phemex,HUMAUSDT,0.02241,0.02239,0.022398,0.00005,4.0,0.00010000
2026-06-10T16:59:02+0000,gate,HUMA_USDT,0.02231,0.02238,0.022388,0.00005,4.0,0.00010000
2026-06-10T16:59:12+0000,phemex,HUMAUSDT,0.02238,0.02238,0.022387,0.00005,4.0,0.00010000
2026-06-10T17:00:20+0000,gate,HUMA_USDT,0.02231,0.02237,0.022382,0.00005,4.0,0.00010000
2026-06-10T17:00:29+0000,phemex,HUMAUSDT,0.02238,0.02238,0.022386,0.00005,4.0,0.00010000
2026-06-10T17:00:43+0000,gate,HUMA_USDT,0.02231,0.02237,0.022386,0.00005,4.0,0.00010000
2026-06-10T17:00:52+0000,phemex,HUMAUSDT,0.0224,0.02239,0.022393,0.00005,4.0,0.00010000
2026-06-10T17:01:59+0000,gate,HUMA_USDT,0.02231,0.02236,0.022376,0.00005,4.0,0.00010000
2026-06-10T17:02:09+0000,phemex,HUMAUSDT,0.0224,0.02238,0.022384,0.00005,4.0,0.00010000
2026-06-10T17:03:16+0000,gate,HUMA_USDT,0.02231,0.0224,0.022402,0.00005,4.0,0.00010000
2026-06-10T17:03:26+0000,phemex,HUMAUSDT,0.02245,0.02241,0.022416,0.00005,4.0,0.00010000
2026-06-10T17:04:32+0000,gate,HUMA_USDT,0.02231,0.02239,0.022398,0.00005,4.0,0.00010000
2026-06-10T17:04:46+0000,phemex,HUMAUSDT,0.02242,0.0224,0.022406,0.00005,4.0,0.00010000
2026-06-10T17:05:53+0000,gate,HUMA_USDT,0.02231,0.0224,0.022408,0.00005,4.0,0.00010000
2026-06-10T17:06:03+0000,phemex,HUMAUSDT,0.02239,0.0224,0.022409,0.00005,4.0,0.00010000
2026-06-10T17:07:10+0000,gate,HUMA_USDT,0.02231,0.02239,0.022398,0.00005,4.0,0.00010000
2026-06-10T17:07:22+0000,phemex,HUMAUSDT,0.02239,0.02239,0.022394,0.00005,4.0,0.00010000
2026-06-10T17:08:30+0000,gate,HUMA_USDT,0.02231,0.02239,0.022396,0.00005,4.0,0.00010000
2026-06-10T17:08:40+0000,phemex,HUMAUSDT,0.02239,0.02239,0.022394,0.00005,4.0,0.00010000
2026-06-10T17:09:46+0000,gate,HUMA_USDT,0.02231,0.02238,0.022394,0.00005,4.0,0.00010000
2026-06-10T17:09:56+0000,phemex,HUMAUSDT,0.02235,0.02235,0.022361,0.00005,4.0,0.00010000
2026-06-10T17:11:05+0000,gate,HUMA_USDT,0.02229,0.02231,0.022344,0.00005,4.0,0.00010000
2026-06-10T17:11:15+0000,phemex,HUMAUSDT,0.02232,0.02232,0.022324,0.00005,4.0,0.00010000
2026-06-10T17:12:22+0000,gate,HUMA_USDT,0.02229,0.02231,0.02234,0.00005,4.0,0.00010000
2026-06-10T17:12:31+0000,phemex,HUMAUSDT,0.02233,0.02233,0.022339,0.00005,4.0,0.00010000
2026-06-10T17:13:39+0000,gate,HUMA_USDT,0.02229,0.02231,0.022342,0.00005,4.0,0.00010000
2026-06-10T17:13:54+0000,phemex,HUMAUSDT,0.02234,0.02234,0.022352,0.00005,4.0,0.00010000
2026-06-10T17:15:01+0000,gate,HUMA_USDT,0.02229,0.02233,0.022356,0.00005,4.0,0.00010000
2026-06-10T17:15:10+0000,phemex,HUMAUSDT,0.02238,0.02236,0.022362,0.00005,4.0,0.00010000
2026-06-10T17:16:18+0000,gate,HUMA_USDT,0.02229,0.02234,0.022358,0.00005,4.0,0.00010000
2026-06-10T17:16:27+0000,phemex,HUMAUSDT,0.02234,0.02236,0.022367,0.00005,4.0,0.00010000
2026-06-10T17:17:34+0000,gate,HUMA_USDT,0.02229,0.02234,0.022352,0.00005,4.0,0.00010000
2026-06-10T17:17:44+0000,phemex,HUMAUSDT,0.02235,0.02235,0.022357,0.00005,4.0,0.00010000
2026-06-10T17:18:50+0000,gate,HUMA_USDT,0.02239,0.0224,0.022418,0.00005,4.0,0.00010000
2026-06-10T17:19:01+0000,phemex,HUMAUSDT,0.02239,0.02241,0.022426,0.00005,4.0,0.00010000
2026-06-10T17:20:10+0000,gate,HUMA_USDT,0.02239,0.02239,0.02241,0.00005,4.0,0.00010000
2026-06-10T17:20:19+0000,phemex,HUMAUSDT,0.02241,0.0224,0.022406,0.00005,4.0,0.00010000
2026-06-10T17:21:29+0000,gate,HUMA_USDT,0.02239,0.02239,0.022408,0.00005,4.0,0.00010000
2026-06-10T17:21:38+0000,phemex,HUMAUSDT,0.02237,0.02238,0.022396,0.00005,4.0,0.00010000
2026-06-10T17:22:45+0000,gate,HUMA_USDT,0.02236,0.02236,0.022406,0.00005,4.0,0.00010000
2026-06-10T17:22:58+0000,phemex,HUMAUSDT,0.02239,0.02239,0.022396,0.00005,4.0,0.00010000
2026-06-10T17:24:06+0000,gate,HUMA_USDT,0.02236,0.02236,0.022368,0.00005,4.0,0.00010000
2026-06-10T17:24:15+0000,phemex,HUMAUSDT,0.02234,0.02235,0.02237,0.00005,4.0,0.00010000
2026-06-10T17:25:23+0000,gate,HUMA_USDT,0.02236,0.02235,0.022358,0.00005,4.0,0.00010000
2026-06-10T17:25:32+0000,phemex,HUMAUSDT,0.02238,0.02236,0.022364,0.00005,4.0,0.00010000
2026-06-10T17:26:45+0000,gate,HUMA_USDT,0.02236,0.02235,0.022356,0.00005,4.0,0.00010000
2026-06-10T17:26:54+0000,phemex,HUMAUSDT,0.02233,0.02234,0.022359,0.00005,4.0,0.00010000
2026-06-10T17:28:01+0000,gate,HUMA_USDT,0.02236,0.02235,0.022356,0.00005,4.0,0.00010000
2026-06-10T17:28:11+0000,phemex,HUMAUSDT,0.02231,0.02234,0.022359,0.00005,4.0,0.00010000
2026-06-10T17:29:20+0000,gate,HUMA_USDT,0.02236,0.02235,0.022356,0.00005,4.0,0.00010000
2026-06-10T17:29:29+0000,phemex,HUMAUSDT,0.02229,0.02227,0.02227,0.00005,4.0,0.00010000
2026-06-10T17:30:36+0000,gate,HUMA_USDT,0.02221,0.02221,0.022214,0.00005,4.0,0.00010000
2026-06-10T17:30:45+0000,phemex,HUMAUSDT,0.02221,0.02221,0.022216,0.00005,4.0,0.00010000
2026-06-10T17:31:52+0000,gate,HUMA_USDT,0.02221,0.02219,0.022192,0.00005,4.0,0.00010000
2026-06-10T17:32:01+0000,phemex,HUMAUSDT,0.0222,0.02218,0.022182,0.00005,4.0,0.00010000
2026-06-10T17:33:08+0000,gate,HUMA_USDT,0.02221,0.0222,0.022202,0.00005,4.0,0.00010000
2026-06-10T17:33:18+0000,phemex,HUMAUSDT,0.02215,0.02214,0.022141,0.00005,4.0,0.00010000
2026-06-10T17:34:24+0000,gate,HUMA_USDT,0.02209,0.0221,0.022138,0.00005,4.0,0.00010000
2026-06-10T17:34:34+0000,phemex,HUMAUSDT,0.02215,0.02215,0.022151,0.00005,4.0,0.00010000
2026-06-10T17:35:42+0000,gate,HUMA_USDT,0.02209,0.02211,0.022142,0.00005,4.0,0.00010000
2026-06-10T17:35:52+0000,phemex,HUMAUSDT,0.02214,0.02214,0.02215,0.00005,4.0,0.00010000
2026-06-10T17:36:58+0000,gate,HUMA_USDT,0.02209,0.02214,0.022152,0.00005,4.0,0.00010000
2026-06-10T17:37:08+0000,phemex,HUMAUSDT,0.02217,0.02216,0.022169,0.00005,4.0,0.00010000
2026-06-10T17:38:15+0000,gate,HUMA_USDT,0.02209,0.02215,0.02215,0.00005,4.0,0.00010000
2026-06-10T17:38:24+0000,phemex,HUMAUSDT,0.02217,0.02216,0.022164,0.00005,4.0,0.00010000
2026-06-10T17:39:31+0000,gate,HUMA_USDT,0.02209,0.02215,0.022152,0.00005,4.0,0.00010000
2026-06-10T17:39:41+0000,phemex,HUMAUSDT,0.02216,0.02216,0.02216,0.00005,4.0,0.00010000
2026-06-10T17:40:48+0000,gate,HUMA_USDT,0.02209,0.02215,0.022156,0.00005,4.0,0.00010000
2026-06-10T17:41:01+0000,phemex,HUMAUSDT,0.02213,0.02214,0.022143,0.00005,4.0,0.00010000
2026-06-10T17:42:14+0000,gate,HUMA_USDT,0.02212,0.02212,0.022134,0.00005,4.0,0.00010000
2026-06-10T17:42:23+0000,phemex,HUMAUSDT,0.02214,0.02213,0.022134,0.00005,4.0,0.00010000
2026-06-10T17:43:30+0000,gate,HUMA_USDT,0.02213,0.02212,0.022132,0.00005,4.0,0.00010000
2026-06-10T17:43:40+0000,phemex,HUMAUSDT,0.02216,0.02216,0.022169,0.00005,4.0,0.00010000
2026-06-10T17:44:47+0000,gate,HUMA_USDT,0.02213,0.02215,0.022164,0.00005,4.0,0.00010000
2026-06-10T17:44:56+0000,phemex,HUMAUSDT,0.02219,0.02217,0.022177,0.00005,4.0,0.00010000
2026-06-10T17:46:03+0000,gate,HUMA_USDT,0.02213,0.02214,0.022156,0.00005,4.0,0.00010000
2026-06-10T17:46:13+0000,phemex,HUMAUSDT,0.02216,0.02216,0.022162,0.00005,4.0,0.00010000
2026-06-10T17:47:20+0000,gate,HUMA_USDT,0.02213,0.02214,0.022156,0.00005,4.0,0.00010000
2026-06-10T17:47:29+0000,phemex,HUMAUSDT,0.02218,0.02215,0.022157,0.00005,4.0,0.00010000
2026-06-10T17:48:37+0000,gate,HUMA_USDT,0.02213,0.02215,0.022156,0.00005,4.0,0.00010000
2026-06-10T17:48:46+0000,phemex,HUMAUSDT,0.02219,0.02215,0.022157,0.00005,4.0,0.00010000
2026-06-10T17:49:54+0000,gate,HUMA_USDT,0.02213,0.02218,0.022182,0.00005,4.0,0.00010000
2026-06-10T17:50:03+0000,phemex,HUMAUSDT,0.02221,0.02221,0.02221111,0.00005,4.0,0.00010000
2026-06-10T17:51:10+0000,gate,HUMA_USDT,0.02215,0.02215,0.022156,0.00005,4.0,0.00010000
2026-06-10T17:51:20+0000,phemex,HUMAUSDT,0.02215,0.02216,0.02216111,0.00005,4.0,0.00010000
2026-06-10T17:52:27+0000,gate,HUMA_USDT,0.02213,0.02214,0.022148,0.00005,4.0,0.00010000
2026-06-10T17:52:37+0000,phemex,HUMAUSDT,0.02213,0.02215,0.02215,0.00005,4.0,0.00010000
2026-06-10T17:52:53+0000,gate,HUMA_USDT,0.02213,0.02213,0.022148,0.00005,4.0,0.00010000
2026-06-10T17:53:02+0000,phemex,HUMAUSDT,0.02212,0.02215,0.02215,0.00005,4.0,0.00010000
2026-06-10T17:54:10+0000,gate,HUMA_USDT,0.02213,0.02213,0.022144,0.00005,4.0,0.00010000
2026-06-10T17:54:19+0000,phemex,HUMAUSDT,0.02218,0.02215,0.02215,0.00005,4.0,0.00010000
2026-06-10T17:55:28+0000,gate,HUMA_USDT,0.02213,0.02215,0.022184,0.00005,4.0,0.00010000
2026-06-10T17:55:37+0000,phemex,HUMAUSDT,0.02219,0.02221,0.02222,0.00005,4.0,0.00010000
2026-06-10T17:56:44+0000,gate,HUMA_USDT,0.02213,0.02217,0.022198,0.00005,4.0,0.00010000
2026-06-10T17:56:54+0000,phemex,HUMAUSDT,0.02221,0.02221,0.02221333,0.00005,4.0,0.00010000
2026-06-10T17:58:00+0000,gate,HUMA_USDT,0.02213,0.02218,0.022198,0.00005,4.0,0.00010000
2026-06-10T17:58:10+0000,phemex,HUMAUSDT,0.02222,0.02221,0.02221333,0.00005,4.0,0.00010000
2026-06-10T17:59:18+0000,gate,HUMA_USDT,0.02213,0.0222,0.022204,0.00005,4.0,0.00010000
2026-06-10T17:59:32+0000,phemex,HUMAUSDT,0.02225,0.02223,0.02223444,0.00005,4.0,0.00010000
2026-06-10T18:00:40+0000,gate,HUMA_USDT,0.02213,0.0222,0.022208,0.00005,4.0,0.00010000
2026-06-10T18:00:49+0000,phemex,HUMAUSDT,0.02229,0.02225,0.02225,0.00005,4.0,0.00010000
2026-06-10T18:01:57+0000,gate,HUMA_USDT,0.02226,0.02225,0.022222,0.00005,4.0,0.00010000
2026-06-10T18:02:06+0000,phemex,HUMAUSDT,0.02228,0.02225,0.02225,0.00005,4.0,0.00010000
2026-06-10T18:03:17+0000,gate,HUMA_USDT,0.02226,0.02226,0.022236,0.00005,4.0,0.00010000
2026-06-10T18:03:27+0000,phemex,HUMAUSDT,0.02226,0.02227,0.02228222,0.00005,4.0,0.00010000
2026-06-10T18:04:34+0000,gate,HUMA_USDT,0.02226,0.02226,0.022234,0.00005,4.0,0.00010000
2026-06-10T18:04:43+0000,phemex,HUMAUSDT,0.02225,0.02226,0.02226889,0.00005,4.0,0.00010000
2026-06-10T18:05:51+0000,gate,HUMA_USDT,0.02226,0.02226,0.02225,0.00005,4.0,0.00010000
2026-06-10T18:06:01+0000,phemex,HUMAUSDT,0.02227,0.02227,0.02229,0.00005,4.0,0.00010000
2026-06-10T18:07:08+0000,gate,HUMA_USDT,0.02226,0.02226,0.022254,0.00005,4.0,0.00010000
2026-06-10T18:07:17+0000,phemex,HUMAUSDT,0.02224,0.02225,0.02226556,0.00005,4.0,0.00010000
2026-06-10T18:08:24+0000,gate,HUMA_USDT,0.02226,0.02224,0.022246,0.00005,4.0,0.00010000
2026-06-10T18:08:33+0000,phemex,HUMAUSDT,0.02223,0.02224,0.02225667,0.00005,4.0,0.00010000
2026-06-10T18:09:41+0000,gate,HUMA_USDT,0.02226,0.02224,0.022244,0.00005,4.0,0.00010000
2026-06-10T18:09:50+0000,phemex,HUMAUSDT,0.02224,0.02224,0.02225111,0.00005,4.0,0.00010000
2026-06-10T18:10:57+0000,gate,HUMA_USDT,0.02226,0.02224,0.022244,0.00005,4.0,0.00010000
2026-06-10T18:11:13+0000,phemex,HUMAUSDT,0.02224,0.02224,0.02225444,0.00005,4.0,0.00010000
2026-06-10T18:12:21+0000,gate,HUMA_USDT,0.02226,0.02224,0.022244,0.00005,4.0,0.00010000
2026-06-10T18:12:31+0000,phemex,HUMAUSDT,0.02225,0.02225,0.02225444,0.00005,4.0,0.00010000
2026-06-10T18:13:42+0000,gate,HUMA_USDT,0.02226,0.02224,0.022244,0.00005,4.0,0.00010000
2026-06-10T18:13:51+0000,phemex,HUMAUSDT,0.02221,0.02224,0.02225444,0.00005,4.0,0.00010000
2026-06-10T18:14:58+0000,gate,HUMA_USDT,0.02223,0.02223,0.022244,0.00005,4.0,0.00010000
2026-06-10T18:15:08+0000,phemex,HUMAUSDT,0.02226,0.02225,0.02225444,0.00005,4.0,0.00010000
2026-06-10T18:16:15+0000,gate,HUMA_USDT,0.02223,0.02223,0.022242,0.00005,4.0,0.00010000
2026-06-10T18:16:26+0000,phemex,HUMAUSDT,0.02226,0.02226,0.02226667,0.00005,4.0,0.00010000
2026-06-10T18:17:33+0000,gate,HUMA_USDT,0.02223,0.02223,0.022242,0.00005,4.0,0.00010000
2026-06-10T18:17:44+0000,phemex,HUMAUSDT,0.02224,0.02225,0.02226667,0.00005,4.0,0.00010000
2026-06-10T18:18:54+0000,gate,HUMA_USDT,0.02223,0.02223,0.022232,0.00005,4.0,0.00010000
2026-06-10T18:19:04+0000,phemex,HUMAUSDT,0.02223,0.02223,0.02224778,0.00005,4.0,0.00010000
2026-06-10T18:20:11+0000,gate,HUMA_USDT,0.02223,0.02222,0.022228,0.00005,4.0,0.00010000
2026-06-10T18:20:21+0000,phemex,HUMAUSDT,0.02225,0.02224,0.02224556,0.00005,4.0,0.00010000
2026-06-10T18:21:28+0000,gate,HUMA_USDT,0.02225,0.02223,0.022236,0.00005,4.0,0.00010000
2026-06-10T18:21:37+0000,phemex,HUMAUSDT,0.02226,0.02226,0.02226778,0.00005,4.0,0.00010000
2026-06-10T18:22:50+0000,gate,HUMA_USDT,0.02225,0.02222,0.02222,0.00005,4.0,0.00010000
2026-06-10T18:23:01+0000,phemex,HUMAUSDT,0.02221,0.02221,0.02223,0.00005,4.0,0.00010000
2026-06-10T18:24:05+0000,gate,HUMA_USDT,0.02225,0.02222,0.02222,0.00005,4.0,0.00010000
2026-06-10T18:24:14+0000,phemex,HUMAUSDT,0.02222,0.02222,0.02223,0.00005,4.0,0.00010000
2026-06-10T18:25:22+0000,gate,HUMA_USDT,0.02225,0.02222,0.02222,0.00005,4.0,0.00010000
2026-06-10T18:25:31+0000,phemex,HUMAUSDT,0.02224,0.02223,0.02223,0.00005,4.0,0.00010000
2026-06-10T18:26:38+0000,gate,HUMA_USDT,0.02225,0.02222,0.022222,0.00005,4.0,0.00010000
2026-06-10T18:26:47+0000,phemex,HUMAUSDT,0.02224,0.02223,0.02223556,0.00005,4.0,0.00010000
2026-06-10T18:27:54+0000,gate,HUMA_USDT,0.02225,0.02221,0.022216,0.00005,4.0,0.00010000
2026-06-10T18:28:09+0000,phemex,HUMAUSDT,0.02222,0.02222,0.02223222,0.00005,4.0,0.00010000
2026-06-10T18:29:17+0000,gate,HUMA_USDT,0.02225,0.02221,0.022216,0.00005,4.0,0.00010000
2026-06-10T18:29:27+0000,phemex,HUMAUSDT,0.02221,0.02222,0.02222889,0.00005,4.0,0.00010000
2026-06-10T18:30:34+0000,gate,HUMA_USDT,0.02225,0.02225,0.022254,0.00005,4.0,0.00010000
2026-06-10T18:30:45+0000,phemex,HUMAUSDT,0.02228,0.02225,0.022259,0.00005,4.0,0.00010000
2026-06-10T18:31:54+0000,gate,HUMA_USDT,0.02225,0.02225,0.022254,0.00005,4.0,0.00010000
2026-06-10T18:32:03+0000,phemex,HUMAUSDT,0.02228,0.02225,0.022259,0.00005,4.0,0.00010000
2026-06-10T18:33:11+0000,gate,HUMA_USDT,0.02225,0.02225,0.022254,0.00005,4.0,0.00010000
2026-06-10T18:33:21+0000,phemex,HUMAUSDT,0.02229,0.02226,0.022263,0.00005,4.0,0.00010000
2026-06-10T18:34:29+0000,gate,HUMA_USDT,0.02225,0.02226,0.02226,0.00005,4.0,0.00010000
2026-06-10T18:34:38+0000,phemex,HUMAUSDT,0.02225,0.02226,0.022262,0.00005,4.0,0.00010000
2026-06-10T18:35:46+0000,gate,HUMA_USDT,0.02225,0.02225,0.02225,0.00005,4.0,0.00010000
2026-06-10T18:35:55+0000,phemex,HUMAUSDT,0.02223,0.02223,0.022242,0.00005,4.0,0.00010000
2026-06-10T18:37:03+0000,gate,HUMA_USDT,0.02225,0.02225,0.02225,0.00005,4.0,0.00010000
2026-06-10T18:37:12+0000,phemex,HUMAUSDT,0.02219,0.02222,0.022232,0.00005,4.0,0.00010000
2026-06-10T18:38:19+0000,gate,HUMA_USDT,0.02225,0.02224,0.022242,0.00005,4.0,0.00010000
2026-06-10T18:38:29+0000,phemex,HUMAUSDT,0.02222,0.02222,0.022228,0.00005,4.0,0.00010000
2026-06-10T18:39:36+0000,gate,HUMA_USDT,0.02225,0.02223,0.022236,0.00005,4.0,0.00010000
2026-06-10T18:39:47+0000,phemex,HUMAUSDT,0.02227,0.02226,0.022263,0.00005,4.0,0.00010000
2026-06-10T18:40:55+0000,gate,HUMA_USDT,0.02225,0.02225,0.022252,0.00005,4.0,0.00010000
2026-06-10T18:41:04+0000,phemex,HUMAUSDT,0.02225,0.02225,0.022257,0.00005,4.0,0.00010000
2026-06-10T18:42:12+0000,gate,HUMA_USDT,0.02225,0.02223,0.022234,0.00005,4.0,0.00010000
2026-06-10T18:42:21+0000,phemex,HUMAUSDT,0.02224,0.02223,0.022233,0.00005,4.0,0.00010000
2026-06-10T18:43:28+0000,gate,HUMA_USDT,0.02225,0.02223,0.022238,0.00005,4.0,0.00010000
2026-06-10T18:43:38+0000,phemex,HUMAUSDT,0.02222,0.02223,0.022239,0.00005,4.0,0.00010000
2026-06-10T18:44:45+0000,gate,HUMA_USDT,0.02225,0.02223,0.02223,0.00005,4.0,0.00010000
2026-06-10T18:44:54+0000,phemex,HUMAUSDT,0.02221,0.02222,0.022227,0.00005,4.0,0.00010000
2026-06-10T18:45:09+0000,gate,HUMA_USDT,0.02225,0.02223,0.02223,0.00005,4.0,0.00010000
2026-06-10T18:45:18+0000,phemex,HUMAUSDT,0.02224,0.02223,0.022232,0.00005,4.0,0.00010000
2026-06-10T18:46:26+0000,gate,HUMA_USDT,0.02225,0.02223,0.022232,0.00005,4.0,0.00010000
2026-06-10T18:46:37+0000,phemex,HUMAUSDT,0.02225,0.02224,0.022242,0.00005,4.0,0.00010000
2026-06-10T18:47:45+0000,gate,HUMA_USDT,0.02225,0.02223,0.022236,0.00005,4.0,0.00010000
2026-06-10T18:47:54+0000,phemex,HUMAUSDT,0.02224,0.02224,0.022242,0.00005,4.0,0.00010000
2026-06-10T18:49:01+0000,gate,HUMA_USDT,0.02225,0.02225,0.02225,0.00005,4.0,0.00010000
2026-06-10T18:49:12+0000,phemex,HUMAUSDT,0.02226,0.02225,0.022252,0.00005,4.0,0.00010000
2026-06-10T18:50:20+0000,gate,HUMA_USDT,0.02222,0.02223,0.022234,0.00005,4.0,0.00010000
2026-06-10T18:50:30+0000,phemex,HUMAUSDT,0.02223,0.02222,0.02222778,0.00005,4.0,0.00010000
2026-06-10T18:51:37+0000,gate,HUMA_USDT,0.02221,0.02222,0.022234,0.00005,4.0,0.00010000
2026-06-10T18:51:46+0000,phemex,HUMAUSDT,0.02224,0.02223,0.02223222,0.00005,4.0,0.00010000
2026-06-10T18:52:53+0000,gate,HUMA_USDT,0.02221,0.02223,0.02224,0.00005,4.0,0.00010000
2026-06-10T18:53:07+0000,phemex,HUMAUSDT,0.02227,0.02223,0.02223556,0.00005,4.0,0.00010000
2026-06-10T18:54:14+0000,gate,HUMA_USDT,0.02221,0.02225,0.022264,0.00005,4.0,0.00010000
2026-06-10T18:54:23+0000,phemex,HUMAUSDT,0.02227,0.02225,0.02225556,0.00005,4.0,0.00010000
2026-06-10T18:55:34+0000,gate,HUMA_USDT,0.02221,0.02226,0.022266,0.00005,4.0,0.00010000
2026-06-10T18:55:43+0000,phemex,HUMAUSDT,0.02226,0.02227,0.02227333,0.00005,4.0,0.00010000
2026-06-10T18:56:50+0000,gate,HUMA_USDT,0.02221,0.02226,0.02227,0.00005,4.0,0.00010000
2026-06-10T18:56:59+0000,phemex,HUMAUSDT,0.02227,0.02227,0.02226778,0.00005,4.0,0.00010000
2026-06-10T18:58:06+0000,gate,HUMA_USDT,0.02221,0.02226,0.02227,0.00005,4.0,0.00010000
2026-06-10T18:58:16+0000,phemex,HUMAUSDT,0.0223,0.02227,0.02226889,0.00005,4.0,0.00010000
2026-06-10T18:59:23+0000,gate,HUMA_USDT,0.02221,0.02227,0.02228,0.00005,4.0,0.00010000
2026-06-10T18:59:32+0000,phemex,HUMAUSDT,0.02231,0.02228,0.02227778,0.00005,4.0,0.00010000
2026-06-10T19:00:39+0000,gate,HUMA_USDT,0.02221,0.02228,0.022288,0.00005,4.0,0.00010000
2026-06-10T19:00:49+0000,phemex,HUMAUSDT,0.0223,0.02228,0.02228222,0.00005,4.0,0.00010000
2026-06-10T19:01:56+0000,gate,HUMA_USDT,0.02221,0.02229,0.022294,0.00005,4.0,0.00010000
2026-06-10T19:02:05+0000,phemex,HUMAUSDT,0.02227,0.02228,0.022286,0.00005,4.0,0.00010000
2026-06-10T19:03:13+0000,gate,HUMA_USDT,0.02221,0.02222,0.022236,0.00005,4.0,0.00010000
2026-06-10T19:03:23+0000,phemex,HUMAUSDT,0.02226,0.02224,0.022238,0.00005,4.0,0.00010000
2026-06-10T19:04:29+0000,gate,HUMA_USDT,0.02221,0.02224,0.02225,0.00005,4.0,0.00010000
2026-06-10T19:04:43+0000,phemex,HUMAUSDT,0.02224,0.02224,0.022249,0.00005,4.0,0.00010000
2026-06-10T19:05:52+0000,gate,HUMA_USDT,0.02221,0.02222,0.022242,0.00005,4.0,0.00010000
2026-06-10T19:06:06+0000,phemex,HUMAUSDT,0.02223,0.02223,0.022236,0.00005,4.0,0.00010000
2026-06-10T19:06:22+0000,gate,HUMA_USDT,0.02221,0.02222,0.02224,0.00005,4.0,0.00010000
2026-06-10T19:06:32+0000,phemex,HUMAUSDT,0.0222,0.02223,0.022236,0.00005,4.0,0.00010000
2026-06-10T19:07:40+0000,gate,HUMA_USDT,0.02221,0.02222,0.022238,0.00005,4.0,0.00010000
2026-06-10T19:07:51+0000,phemex,HUMAUSDT,0.02228,0.02224,0.022244,0.00005,4.0,0.00010000
2026-06-10T19:08:59+0000,gate,HUMA_USDT,0.02221,0.02222,0.02224,0.00005,4.0,0.00010000
2026-06-10T19:09:12+0000,phemex,HUMAUSDT,0.02227,0.02224,0.022244,0.00005,4.0,0.00010000
2026-06-10T19:10:21+0000,gate,HUMA_USDT,0.02225,0.02226,0.022268,0.00005,4.0,0.00010000
2026-06-10T19:10:34+0000,phemex,HUMAUSDT,0.02226,0.02225,0.022258,0.00005,4.0,0.00010000
2026-06-10T19:11:43+0000,gate,HUMA_USDT,0.02225,0.02226,0.022264,0.00005,4.0,0.00010000
2026-06-10T19:11:54+0000,phemex,HUMAUSDT,0.02222,0.02226,0.022264,0.00005,4.0,0.00010000
2026-06-10T19:13:01+0000,gate,HUMA_USDT,0.02225,0.02225,0.022254,0.00005,4.0,0.00010000
2026-06-10T19:13:15+0000,phemex,HUMAUSDT,0.02218,0.02223,0.022233,0.00005,4.0,0.00010000
2026-06-10T19:14:23+0000,gate,HUMA_USDT,0.02225,0.02218,0.022188,0.00005,4.0,0.00010000
2026-06-10T19:14:41+0000,phemex,HUMAUSDT,0.02216,0.02219,0.022194,0.00005,4.0,0.00010000
2026-06-10T19:15:49+0000,gate,HUMA_USDT,0.02225,0.02218,0.022182,0.00005,4.0,0.00010000
2026-06-10T19:16:10+0000,phemex,HUMAUSDT,0.02218,0.02217,0.022176,0.00005,4.0,0.00010000
2026-06-10T19:16:48+0000,gate,HUMA_USDT,0.02225,0.02218,0.022182,0.00005,4.0,0.00010000
2026-06-10T19:16:57+0000,phemex,HUMAUSDT,0.02217,0.02217,0.022171,0.00005,4.0,0.00010000
2026-06-10T19:18:09+0000,gate,HUMA_USDT,0.02225,0.02217,0.022178,0.00005,4.0,0.00010000
2026-06-10T19:18:21+0000,phemex,HUMAUSDT,0.02212,0.02215,0.022166,0.00005,4.0,0.00010000
2026-06-10T19:19:29+0000,gate,HUMA_USDT,0.02225,0.02217,0.022176,0.00005,4.0,0.00010000
2026-06-10T19:19:42+0000,phemex,HUMAUSDT,0.0221,0.02214,0.022153,0.00005,4.0,0.00010000
2026-06-10T19:20:50+0000,gate,HUMA_USDT,0.02225,0.02216,0.022162,0.00005,4.0,0.00010000
2026-06-10T19:20:59+0000,phemex,HUMAUSDT,0.02209,0.02212,0.022138,0.00005,4.0,0.00010000
2026-06-10T19:22:09+0000,gate,HUMA_USDT,0.02225,0.02216,0.022162,0.00005,4.0,0.00010000
2026-06-10T19:22:18+0000,phemex,HUMAUSDT,0.0221,0.02212,0.022138,0.00005,4.0,0.00010000
2026-06-10T19:23:25+0000,gate,HUMA_USDT,0.02209,0.02209,0.022138,0.00005,4.0,0.00010000
2026-06-10T19:23:35+0000,phemex,HUMAUSDT,0.0221,0.0221,0.022122,0.00005,4.0,0.00010000
2026-06-10T19:24:42+0000,gate,HUMA_USDT,0.02211,0.02211,0.022146,0.00005,4.0,0.00010000
2026-06-10T19:24:52+0000,phemex,HUMAUSDT,0.02211,0.02211,0.02214,0.00005,4.0,0.00010000
2026-06-10T19:25:59+0000,gate,HUMA_USDT,0.02211,0.02211,0.022148,0.00005,4.0,0.00010000
2026-06-10T19:26:08+0000,phemex,HUMAUSDT,0.02213,0.02213,0.022135,0.00005,4.0,0.00010000
2026-06-10T19:27:19+0000,gate,HUMA_USDT,0.02211,0.02211,0.022148,0.00005,4.0,0.00010000
2026-06-10T19:27:30+0000,phemex,HUMAUSDT,0.02211,0.02211,0.02212111,0.00005,4.0,0.00010000
2026-06-10T19:28:38+0000,gate,HUMA_USDT,0.02211,0.02211,0.022148,0.00005,4.0,0.00010000
2026-06-10T19:28:47+0000,phemex,HUMAUSDT,0.02211,0.02211,0.02212111,0.00005,4.0,0.00010000
2026-06-10T19:29:54+0000,gate,HUMA_USDT,0.02211,0.02211,0.022144,0.00005,4.0,0.00010000
2026-06-10T19:30:06+0000,phemex,HUMAUSDT,0.02213,0.0221,0.02211444,0.00005,4.0,0.00010000
2026-06-10T19:31:14+0000,gate,HUMA_USDT,0.02211,0.02211,0.02215,0.00005,4.0,0.00010000
2026-06-10T19:31:24+0000,phemex,HUMAUSDT,0.02215,0.02212,0.02212,0.00005,4.0,0.00010000
2026-06-10T19:32:32+0000,gate,HUMA_USDT,0.02211,0.02211,0.022142,0.00005,4.0,0.00010000
2026-06-10T19:32:41+0000,phemex,HUMAUSDT,0.02212,0.02211,0.02211778,0.00005,4.0,0.00010000
2026-06-10T19:33:48+0000,gate,HUMA_USDT,0.02211,0.02211,0.022146,0.00005,4.0,0.00010000
2026-06-10T19:33:58+0000,phemex,HUMAUSDT,0.02213,0.02212,0.02212,0.00005,4.0,0.00010000
2026-06-10T19:35:05+0000,gate,HUMA_USDT,0.02211,0.02214,0.022174,0.00005,4.0,0.00010000
2026-06-10T19:35:14+0000,phemex,HUMAUSDT,0.02217,0.02214,0.02214333,0.00005,4.0,0.00010000
2026-06-10T19:36:21+0000,gate,HUMA_USDT,0.02211,0.02215,0.022178,0.00005,4.0,0.00010000
2026-06-10T19:36:30+0000,phemex,HUMAUSDT,0.02217,0.02214,0.02214556,0.00005,4.0,0.00010000
2026-06-10T19:37:38+0000,gate,HUMA_USDT,0.02211,0.02216,0.022178,0.00005,4.0,0.00010000
2026-06-10T19:37:48+0000,phemex,HUMAUSDT,0.02216,0.02214,0.02214556,0.00005,4.0,0.00010000
2026-06-10T19:38:05+0000,gate,HUMA_USDT,0.02211,0.02216,0.022178,0.00005,4.0,0.00010000
2026-06-10T19:38:15+0000,phemex,HUMAUSDT,0.02217,0.02214,0.02214556,0.00005,4.0,0.00010000
2026-06-10T19:39:24+0000,gate,HUMA_USDT,0.02211,0.02216,0.02218,0.00005,4.0,0.00010000
2026-06-10T19:39:40+0000,phemex,HUMAUSDT,0.02216,0.02217,0.02217778,0.00005,4.0,0.00010000
2026-06-10T19:40:48+0000,gate,HUMA_USDT,0.02211,0.02217,0.022192,0.00005,4.0,0.00010000
2026-06-10T19:40:57+0000,phemex,HUMAUSDT,0.02217,0.02217,0.02217778,0.00005,4.0,0.00010000
2026-06-10T19:42:04+0000,gate,HUMA_USDT,0.02211,0.02216,0.02219,0.00005,4.0,0.00010000
2026-06-10T19:42:15+0000,phemex,HUMAUSDT,0.02217,0.02217,0.02217556,0.00005,4.0,0.00010000
2026-06-10T19:43:23+0000,gate,HUMA_USDT,0.02211,0.02215,0.022182,0.00005,4.0,0.00010000
2026-06-10T19:43:32+0000,phemex,HUMAUSDT,0.02216,0.02216,0.02216222,0.00005,4.0,0.00010000
2026-06-10T19:44:39+0000,gate,HUMA_USDT,0.02211,0.02215,0.022182,0.00005,4.0,0.00010000
2026-06-10T19:44:48+0000,phemex,HUMAUSDT,0.02216,0.02216,0.02216222,0.00005,4.0,0.00010000
2026-06-10T19:45:56+0000,gate,HUMA_USDT,0.02211,0.02214,0.022178,0.00005,4.0,0.00010000
2026-06-10T19:46:09+0000,phemex,HUMAUSDT,0.02211,0.02215,0.022159,0.00005,4.0,0.00010000
2026-06-10T19:47:17+0000,gate,HUMA_USDT,0.02211,0.02212,0.02216,0.00005,4.0,0.00010000
2026-06-10T19:47:26+0000,phemex,HUMAUSDT,0.02212,0.02215,0.022159,0.00005,4.0,0.00010000
2026-06-10T19:48:36+0000,gate,HUMA_USDT,0.02211,0.02212,0.02216,0.00005,4.0,0.00010000
2026-06-10T19:48:49+0000,phemex,HUMAUSDT,0.02211,0.02215,0.022159,0.00005,4.0,0.00010000
2026-06-10T19:49:58+0000,gate,HUMA_USDT,0.02211,0.02212,0.02216,0.00005,4.0,0.00010000
2026-06-10T19:50:08+0000,phemex,HUMAUSDT,0.02207,0.02208,0.022096,0.00005,4.0,0.00010000
2026-06-10T19:51:16+0000,gate,HUMA_USDT,0.02212,0.02212,0.022128,0.00005,4.0,0.00010000
2026-06-10T19:51:25+0000,phemex,HUMAUSDT,0.02213,0.02212,0.022126,0.00005,4.0,0.00010000
2026-06-10T19:52:32+0000,gate,HUMA_USDT,0.02212,0.02212,0.02214,0.00005,4.0,0.00010000
2026-06-10T19:52:43+0000,phemex,HUMAUSDT,0.02213,0.02213,0.022141,0.00005,4.0,0.00010000
2026-06-10T19:53:51+0000,gate,HUMA_USDT,0.02212,0.02213,0.022148,0.00005,4.0,0.00010000
2026-06-10T19:54:00+0000,phemex,HUMAUSDT,0.02215,0.02215,0.022153,0.00005,4.0,0.00010000
2026-06-10T19:55:07+0000,gate,HUMA_USDT,0.02212,0.02215,0.02216,0.00005,4.0,0.00010000
2026-06-10T19:55:20+0000,phemex,HUMAUSDT,0.02217,0.02216,0.02216,0.00005,4.0,0.00010000
2026-06-10T19:56:27+0000,gate,HUMA_USDT,0.02212,0.02215,0.022158,0.00005,4.0,0.00010000
2026-06-10T19:56:39+0000,phemex,HUMAUSDT,0.02216,0.02215,0.022158,0.00005,4.0,0.00010000
2026-06-10T19:57:47+0000,gate,HUMA_USDT,0.02212,0.02215,0.02216,0.00005,4.0,0.00010000
2026-06-10T19:57:56+0000,phemex,HUMAUSDT,0.02217,0.02215,0.022159,0.00005,4.0,0.00010000
2026-06-10T19:59:06+0000,gate,HUMA_USDT,0.02212,0.02215,0.02216,0.00005,4.0,0.00010000
2026-06-10T19:59:16+0000,phemex,HUMAUSDT,0.02213,0.02214,0.022159,0.00005,4.0,0.00010000
2026-06-10T20:00:22+0000,gate,HUMA_USDT,0.02212,0.02214,0.022156,0.00005,4.0,0.00010000
2026-06-10T20:00:31+0000,phemex,HUMAUSDT,0.02213,0.02214,0.022157,0.00005,4.0,0.00010000
2026-06-10T20:01:38+0000,gate,HUMA_USDT,0.02212,0.02212,0.022144,0.00005,4.0,0.00010000
2026-06-10T20:01:50+0000,phemex,HUMAUSDT,0.02211,0.02213,0.02214889,0.00005,4.0,0.00010000
2026-06-10T20:02:59+0000,gate,HUMA_USDT,0.02212,0.02212,0.022134,0.00005,4.0,0.00010000
2026-06-10T20:03:08+0000,phemex,HUMAUSDT,0.02214,0.02213,0.02213778,0.00005,4.0,0.00010000
2026-06-10T20:04:16+0000,gate,HUMA_USDT,0.02214,0.02214,0.022166,0.00005,4.0,0.00010000
2026-06-10T20:04:25+0000,phemex,HUMAUSDT,0.02215,0.02215,0.02215778,0.00005,4.0,0.00010000
2026-06-10T20:05:33+0000,gate,HUMA_USDT,0.02214,0.02214,0.022162,0.00005,4.0,0.00010000
2026-06-10T20:05:42+0000,phemex,HUMAUSDT,0.02211,0.02212,0.02213,0.00005,4.0,0.00010000
2026-06-10T20:06:50+0000,gate,HUMA_USDT,0.02214,0.02212,0.022128,0.00005,4.0,0.00010000
2026-06-10T20:06:59+0000,phemex,HUMAUSDT,0.02215,0.02212,0.02212556,0.00005,4.0,0.00010000
2026-06-10T20:08:08+0000,gate,HUMA_USDT,0.02214,0.02212,0.022128,0.00005,4.0,0.00010000
2026-06-10T20:08:22+0000,phemex,HUMAUSDT,0.02212,0.02211,0.02211889,0.00005,4.0,0.00010000
2026-06-10T20:09:32+0000,gate,HUMA_USDT,0.02214,0.02212,0.022124,0.00005,4.0,0.00010000
2026-06-10T20:09:42+0000,phemex,HUMAUSDT,0.02211,0.0221,0.02210778,0.00005,4.0,0.00010000
2026-06-10T20:10:49+0000,gate,HUMA_USDT,0.02214,0.02214,0.02214,0.00005,4.0,0.00010000
2026-06-10T20:10:59+0000,phemex,HUMAUSDT,0.02211,0.02212,0.02213778,0.00005,4.0,0.00010000
2026-06-10T20:12:05+0000,gate,HUMA_USDT,0.02214,0.02214,0.02214,0.00005,4.0,0.00010000
2026-06-10T20:12:16+0000,phemex,HUMAUSDT,0.02216,0.02214,0.02214333,0.00005,4.0,0.00010000
2026-06-10T20:13:25+0000,gate,HUMA_USDT,0.02214,0.02214,0.022144,0.00005,4.0,0.00010000
2026-06-10T20:13:34+0000,phemex,HUMAUSDT,0.02215,0.02214,0.02214889,0.00005,4.0,0.00010000
2026-06-10T20:14:42+0000,gate,HUMA_USDT,0.02214,0.02214,0.022144,0.00005,4.0,0.00010000
2026-06-10T20:14:52+0000,phemex,HUMAUSDT,0.02216,0.02214,0.02214889,0.00005,4.0,0.00010000
2026-06-10T20:15:59+0000,gate,HUMA_USDT,0.02214,0.02214,0.022146,0.00005,4.0,0.00010000
2026-06-10T20:16:08+0000,phemex,HUMAUSDT,0.02216,0.02215,0.02215444,0.00005,4.0,0.00010000
2026-06-10T20:17:15+0000,gate,HUMA_USDT,0.02214,0.02214,0.022144,0.00005,4.0,0.00010000
2026-06-10T20:17:25+0000,phemex,HUMAUSDT,0.02215,0.02214,0.02214889,0.00005,4.0,0.00010000
2026-06-10T20:18:32+0000,gate,HUMA_USDT,0.02214,0.02215,0.022154,0.00005,4.0,0.00010000
2026-06-10T20:18:41+0000,phemex,HUMAUSDT,0.02218,0.02216,0.02216333,0.00005,4.0,0.00010000
2026-06-10T20:19:58+0000,gate,HUMA_USDT,0.02214,0.02215,0.022154,0.00005,4.0,0.00010000
2026-06-10T20:20:09+0000,phemex,HUMAUSDT,0.02217,0.02216,0.02216333,0.00005,4.0,0.00010000
2026-06-10T20:21:17+0000,gate,HUMA_USDT,0.02214,0.02215,0.022154,0.00005,4.0,0.00010000
2026-06-10T20:21:26+0000,phemex,HUMAUSDT,0.02217,0.02216,0.02216333,0.00005,4.0,0.00010000
2026-06-10T20:22:33+0000,gate,HUMA_USDT,0.02214,0.02216,0.022162,0.00005,4.0,0.00010000
2026-06-10T20:22:44+0000,phemex,HUMAUSDT,0.02217,0.02216,0.02216778,0.00005,4.0,0.00010000
2026-06-10T20:23:52+0000,gate,HUMA_USDT,0.02214,0.02216,0.022168,0.00005,4.0,0.00010000
2026-06-10T20:24:03+0000,phemex,HUMAUSDT,0.02218,0.02218,0.02218444,0.00005,4.0,0.00010000
2026-06-10T20:25:11+0000,gate,HUMA_USDT,0.02214,0.02216,0.022168,0.00005,4.0,0.00010000
2026-06-10T20:25:21+0000,phemex,HUMAUSDT,0.02223,0.02222,0.0222175,0.00005,4.0,0.00010000
2026-06-10T20:26:28+0000,gate,HUMA_USDT,0.02214,0.02217,0.022176,0.00005,4.0,0.00010000
2026-06-10T20:26:37+0000,phemex,HUMAUSDT,0.0222,0.02221,0.0222175,0.00005,4.0,0.00010000
2026-06-10T20:27:44+0000,gate,HUMA_USDT,0.02214,0.02217,0.022176,0.00005,4.0,0.00010000
2026-06-10T20:27:54+0000,phemex,HUMAUSDT,0.02222,0.02222,0.0222175,0.00005,4.0,0.00010000
2026-06-10T20:29:00+0000,gate,HUMA_USDT,0.02214,0.02217,0.022176,0.00005,4.0,0.00010000
2026-06-10T20:29:10+0000,phemex,HUMAUSDT,0.02222,0.02222,0.0222175,0.00005,4.0,0.00010000
2026-06-10T20:30:26+0000,gate,HUMA_USDT,0.02214,0.02217,0.022176,0.00005,4.0,0.00010000
2026-06-10T20:30:37+0000,phemex,HUMAUSDT,0.02222,0.02222,0.0222175,0.00005,4.0,0.00010000
2026-06-10T20:31:44+0000,gate,HUMA_USDT,0.02226,0.02225,0.022216,0.00005,4.0,0.00010000
2026-06-10T20:31:54+0000,phemex,HUMAUSDT,0.02226,0.02226,0.0222675,0.00005,4.0,0.00010000
2026-06-10T20:33:01+0000,gate,HUMA_USDT,0.02226,0.02226,0.022248,0.00005,4.0,0.00010000
2026-06-10T20:33:11+0000,phemex,HUMAUSDT,0.0223,0.02231,0.0223125,0.00005,4.0,0.00010000
2026-06-10T20:34:18+0000,gate,HUMA_USDT,0.02226,0.02226,0.022246,0.00005,4.0,0.00010000
2026-06-10T20:34:26+0000,phemex,HUMAUSDT,0.0223,0.02231,0.02231375,0.00005,4.0,0.00010000
2026-06-10T20:35:34+0000,gate,HUMA_USDT,0.02226,0.02226,0.022248,0.00005,4.0,0.00010000
2026-06-10T20:35:43+0000,phemex,HUMAUSDT,0.02229,0.02231,0.02232,0.00005,4.0,0.00010000
2026-06-10T20:36:50+0000,gate,HUMA_USDT,0.02226,0.02226,0.022248,0.00005,4.0,0.00010000
2026-06-10T20:37:00+0000,phemex,HUMAUSDT,0.02229,0.02231,0.02232,0.00005,4.0,0.00010000
2026-06-10T20:38:07+0000,gate,HUMA_USDT,0.02226,0.02226,0.022234,0.00005,4.0,0.00010000
2026-06-10T20:38:16+0000,phemex,HUMAUSDT,0.02228,0.02228,0.02229125,0.00005,4.0,0.00010000
2026-06-10T20:39:24+0000,gate,HUMA_USDT,0.02226,0.02226,0.022234,0.00005,4.0,0.00010000
2026-06-10T20:39:33+0000,phemex,HUMAUSDT,0.02228,0.02228,0.02228375,0.00005,4.0,0.00010000
2026-06-10T20:40:40+0000,gate,HUMA_USDT,0.02226,0.02226,0.022226,0.00005,4.0,0.00010000
2026-06-10T20:40:49+0000,phemex,HUMAUSDT,0.0223,0.02229,0.022295,0.00005,4.0,0.00010000
2026-06-10T20:41:07+0000,gate,HUMA_USDT,0.02226,0.02226,0.022232,0.00005,4.0,0.00010000
2026-06-10T20:41:16+0000,phemex,HUMAUSDT,0.0223,0.02229,0.02229625,0.00005,4.0,0.00010000
2026-06-10T20:42:23+0000,gate,HUMA_USDT,0.02226,0.02226,0.022238,0.00005,4.0,0.00010000
2026-06-10T20:42:33+0000,phemex,HUMAUSDT,0.02232,0.02229,0.02229625,0.00005,4.0,0.00010000
2026-06-10T20:43:40+0000,gate,HUMA_USDT,0.02226,0.0223,0.0223,0.00005,4.0,0.00010000
2026-06-10T20:43:49+0000,phemex,HUMAUSDT,0.02233,0.02233,0.02234222,0.00005,4.0,0.00010000
2026-06-10T20:44:56+0000,gate,HUMA_USDT,0.02226,0.02229,0.022294,0.00005,4.0,0.00010000
2026-06-10T20:45:06+0000,phemex,HUMAUSDT,0.02229,0.02229,0.02231,0.00005,4.0,0.00010000
2026-06-10T20:46:13+0000,gate,HUMA_USDT,0.02226,0.02227,0.022272,0.00005,4.0,0.00010000
2026-06-10T20:46:23+0000,phemex,HUMAUSDT,0.02227,0.02228,0.02229889,0.00005,4.0,0.00010000
2026-06-10T20:47:30+0000,gate,HUMA_USDT,0.02226,0.02227,0.022272,0.00005,4.0,0.00010000
2026-06-10T20:47:39+0000,phemex,HUMAUSDT,0.02228,0.02228,0.02229889,0.00005,4.0,0.00010000
2026-06-10T20:48:46+0000,gate,HUMA_USDT,0.02226,0.02225,0.022258,0.00005,4.0,0.00010000
2026-06-10T20:48:57+0000,phemex,HUMAUSDT,0.02228,0.02228,0.02228222,0.00005,4.0,0.00010000
2026-06-10T20:50:05+0000,gate,HUMA_USDT,0.02225,0.02225,0.022258,0.00005,4.0,0.00010000
2026-06-10T20:50:16+0000,phemex,HUMAUSDT,0.02227,0.02227,0.02228222,0.00005,4.0,0.00010000
2026-06-10T20:51:32+0000,gate,HUMA_USDT,0.02225,0.02222,0.022228,0.00005,4.0,0.00010000
2026-06-10T20:51:43+0000,phemex,HUMAUSDT,0.02221,0.02223,0.02224889,0.00005,4.0,0.00010000
2026-06-10T20:52:51+0000,gate,HUMA_USDT,0.02225,0.02222,0.02222,0.00005,4.0,0.00010000
2026-06-10T20:53:01+0000,phemex,HUMAUSDT,0.02223,0.02223,0.02224556,0.00005,4.0,0.00010000
2026-06-10T20:54:07+0000,gate,HUMA_USDT,0.02225,0.02221,0.022214,0.00005,4.0,0.00010000
2026-06-10T20:54:16+0000,phemex,HUMAUSDT,0.02219,0.02222,0.02224111,0.00005,4.0,0.00010000
2026-06-10T20:55:23+0000,gate,HUMA_USDT,0.02225,0.02221,0.022212,0.00005,4.0,0.00010000
2026-06-10T20:55:32+0000,phemex,HUMAUSDT,0.02216,0.02217,0.02218778,0.00005,4.0,0.00010000
2026-06-10T20:56:39+0000,gate,HUMA_USDT,0.02225,0.02217,0.022172,0.00005,4.0,0.00010000
2026-06-10T20:56:49+0000,phemex,HUMAUSDT,0.02214,0.02215,0.02217,0.00005,4.0,0.00010000
2026-06-10T20:57:57+0000,gate,HUMA_USDT,0.02225,0.02217,0.022174,0.00005,4.0,0.00010000
2026-06-10T20:58:07+0000,phemex,HUMAUSDT,0.02215,0.02215,0.02217111,0.00005,4.0,0.00010000
2026-06-10T20:59:13+0000,gate,HUMA_USDT,0.02225,0.02217,0.022174,0.00005,4.0,0.00010000
2026-06-10T20:59:27+0000,phemex,HUMAUSDT,0.02214,0.02214,0.02214667,0.00005,4.0,0.00010000
2026-06-10T21:00:39+0000,gate,HUMA_USDT,0.02225,0.02215,0.022154,0.00005,4.0,0.00010000
2026-06-10T21:00:49+0000,phemex,HUMAUSDT,0.02209,0.02211,0.02213,0.00005,4.0,0.00010000
2026-06-10T21:02:02+0000,gate,HUMA_USDT,0.0221,0.02211,0.022142,0.00005,4.0,0.00010000
2026-06-10T21:02:11+0000,phemex,HUMAUSDT,0.02215,0.02213,0.02213,0.00005,4.0,0.00010000
2026-06-10T21:03:18+0000,gate,HUMA_USDT,0.0221,0.02213,0.022154,0.00005,4.0,0.00010000
2026-06-10T21:03:28+0000,phemex,HUMAUSDT,0.02217,0.02213,0.02213667,0.00005,4.0,0.00010000
2026-06-10T21:04:36+0000,gate,HUMA_USDT,0.0221,0.02215,0.022166,0.00005,4.0,0.00010000
2026-06-10T21:04:45+0000,phemex,HUMAUSDT,0.02216,0.02216,0.02217,0.00005,4.0,0.00010000
2026-06-10T21:05:52+0000,gate,HUMA_USDT,0.0221,0.02216,0.022166,0.00005,4.0,0.00010000
2026-06-10T21:06:04+0000,phemex,HUMAUSDT,0.02212,0.02216,0.02217,0.00005,4.0,0.00010000
2026-06-10T21:07:11+0000,gate,HUMA_USDT,0.0221,0.02214,0.022154,0.00005,4.0,0.00010000
2026-06-10T21:07:21+0000,phemex,HUMAUSDT,0.02209,0.02213,0.02213667,0.00005,4.0,0.00010000
2026-06-10T21:08:28+0000,gate,HUMA_USDT,0.0221,0.0221,0.022132,0.00005,4.0,0.00010000
2026-06-10T21:08:38+0000,phemex,HUMAUSDT,0.0221,0.0221,0.02211556,0.00005,4.0,0.00010000
2026-06-10T21:09:45+0000,gate,HUMA_USDT,0.0221,0.0221,0.022132,0.00005,4.0,0.00010000
2026-06-10T21:09:56+0000,phemex,HUMAUSDT,0.02207,0.0221,0.02211556,0.00005,4.0,0.00010000
2026-06-10T21:11:04+0000,gate,HUMA_USDT,0.0221,0.0221,0.022116,0.00005,4.0,0.00010000
2026-06-10T21:11:14+0000,phemex,HUMAUSDT,0.02209,0.02208,0.02208222,0.00005,4.0,0.00010000
2026-06-10T21:12:28+0000,gate,HUMA_USDT,0.0221,0.0221,0.0221,0.00005,4.0,0.00010000
2026-06-10T21:12:39+0000,phemex,HUMAUSDT,0.02206,0.02207,0.02208222,0.00005,4.0,0.00010000
2026-06-10T21:13:47+0000,gate,HUMA_USDT,0.0221,0.02209,0.022098,0.00005,4.0,0.00010000
2026-06-10T21:13:58+0000,phemex,HUMAUSDT,0.02207,0.02207,0.02207667,0.00005,4.0,0.00010000
2026-06-10T21:15:05+0000,gate,HUMA_USDT,0.0221,0.02209,0.022096,0.00005,4.0,0.00010000
2026-06-10T21:15:14+0000,phemex,HUMAUSDT,0.0221,0.02208,0.02208,0.00005,4.0,0.00010000
2026-06-10T21:16:21+0000,gate,HUMA_USDT,0.0221,0.0221,0.022104,0.00005,4.0,0.00010000
2026-06-10T21:16:32+0000,phemex,HUMAUSDT,0.02209,0.02209,0.02209444,0.00005,4.0,0.00010000
2026-06-10T21:17:39+0000,gate,HUMA_USDT,0.02213,0.0221,0.022112,0.00005,4.0,0.00010000
2026-06-10T21:17:49+0000,phemex,HUMAUSDT,0.02215,0.0221,0.02210333,0.00005,4.0,0.00010000
2026-06-10T21:18:56+0000,gate,HUMA_USDT,0.02213,0.02212,0.022128,0.00005,4.0,0.00010000
2026-06-10T21:19:05+0000,phemex,HUMAUSDT,0.0221,0.0221,0.02211333,0.00005,4.0,0.00010000
2026-06-10T21:20:12+0000,gate,HUMA_USDT,0.02212,0.02212,0.02212,0.00005,4.0,0.00010000
2026-06-10T21:20:22+0000,phemex,HUMAUSDT,0.02207,0.02209,0.02211111,0.00005,4.0,0.00010000
2026-06-10T21:21:29+0000,gate,HUMA_USDT,0.02212,0.0221,0.022106,0.00005,4.0,0.00010000
2026-06-10T21:21:39+0000,phemex,HUMAUSDT,0.02203,0.02203,0.02205444,0.00005,4.0,0.00010000
2026-06-10T21:22:46+0000,gate,HUMA_USDT,0.02212,0.02205,0.022054,0.00005,4.0,0.00010000
2026-06-10T21:22:55+0000,phemex,HUMAUSDT,0.02205,0.02204,0.02204667,0.00005,4.0,0.00010000
2026-06-10T21:23:13+0000,gate,HUMA_USDT,0.02205,0.02207,0.022098,0.00005,4.0,0.00010000
2026-06-10T21:23:21+0000,phemex,HUMAUSDT,0.02209,0.02208,0.022088,0.00005,4.0,0.00010000
2026-06-10T21:24:28+0000,gate,HUMA_USDT,0.02205,0.02205,0.022056,0.00005,4.0,0.00010000
2026-06-10T21:24:38+0000,phemex,HUMAUSDT,0.02203,0.02203,0.022034,0.00005,4.0,0.00010000
2026-06-10T21:25:45+0000,gate,HUMA_USDT,0.02205,0.02202,0.022024,0.00005,4.0,0.00010000
2026-06-10T21:25:54+0000,phemex,HUMAUSDT,0.02205,0.02203,0.022034,0.00005,4.0,0.00010000
2026-06-10T21:27:01+0000,gate,HUMA_USDT,0.02203,0.02203,0.022034,0.00005,4.0,0.00010000
2026-06-10T21:27:11+0000,phemex,HUMAUSDT,0.02204,0.02202,0.022028,0.00005,4.0,0.00010000
2026-06-10T21:28:18+0000,gate,HUMA_USDT,0.02203,0.02201,0.022012,0.00005,4.0,0.00010000
2026-06-10T21:28:27+0000,phemex,HUMAUSDT,0.02199,0.02199,0.022004,0.00005,4.0,0.00010000
2026-06-10T21:29:34+0000,gate,HUMA_USDT,0.02203,0.02201,0.022018,0.00005,4.0,0.00010000
2026-06-10T21:29:43+0000,phemex,HUMAUSDT,0.02199,0.02201,0.022016,0.00005,4.0,0.00010000
2026-06-10T21:30:51+0000,gate,HUMA_USDT,0.02203,0.02201,0.022018,0.00005,4.0,0.00010000
2026-06-10T21:31:04+0000,phemex,HUMAUSDT,0.02199,0.02201,0.022016,0.00005,4.0,0.00010000
2026-06-10T21:32:11+0000,gate,HUMA_USDT,0.02203,0.02203,0.022034,0.00005,4.0,0.00010000
2026-06-10T21:32:21+0000,phemex,HUMAUSDT,0.02201,0.02203,0.022036,0.00005,4.0,0.00010000
2026-06-10T21:33:28+0000,gate,HUMA_USDT,0.02203,0.02203,0.022042,0.00005,4.0,0.00010000
2026-06-10T21:33:37+0000,phemex,HUMAUSDT,0.02203,0.02203,0.02204,0.00005,4.0,0.00010000
